0.000082
0.037109
0.049676
0.105366
0.127518
0.184840
0.147226
0.239182
0.219822
0.330895
0.220339
0.319954
0.263241
0.359673
0.245175
0.302602
0.185409
0.256104
0.168485
0.216578
0.198297
0.316440
0.181341
0.246219
0.132867
0.205134
0.156322
0.256441
0.190660
0.305331
0.189458
0.287474
0.210900
0.291404
0.180312
0.259393
0.222413
0.344094
0.248562
0.338380
0.258117
0.408750
0.298152
0.483490
0.313031
0.431921
0.267441
0.390354
0.266588
0.410879
0.258868
0.456554
0.309048
0.528492
0.330539
0.490526
0.283738
0.411387
0.281062
0.411106
0.230749
0.354547
0.218400
0.350505
0.163210
0.316475
0.197096
0.284385
0.199872
0.329359
0.245682
0.397143
0.258217
0.366075
0.250142
0.394642
0.242780
0.409476
0.287712
0.402709
0.255760
0.396878
0.259574
0.425126
0.266357
0.408133
0.227472
0.331659
0.208177
0.349749
0.238038
0.387235
0.287404
0.403009
0.242898
0.358547
0.252112
0.329601
0.233520
0.364714
0.212713
0.347019
0.226338
0.330450
0.269480
0.351205
0.243952
0.316140
0.245522
0.401596
0.233518
0.369872
0.281321
0.415070
0.255440
0.338831
0.251137
0.384890
0.224126
0.333545
0.244135
0.365309
0.222593
0.339804
0.244006
0.386299
0.274456
0.406948
0.238967
0.336410
0.252743
0.356567
0.220136
0.370749
0.231612
0.332568
0.237658
0.426902
0.269388
0.405423
0.249661
0.381488
0.261803
0.409458
0.241207
0.375618
0.257807
0.421765
0.255606
0.441053
0.236061
0.396594
0.276736
0.424759
0.260308
0.433158
0.249602
0.384048
0.284393
0.357885
0.245118
0.342846
0.246379
0.401132
0.263506
0.391125
0.259951
0.403152
0.204479
0.356534
0.218119
0.362347
0.239188
0.323264
0.205318
0.301712
0.252196
0.375417
0.269303
0.400901
0.261544
0.334374
0.199925
0.247564
0.202353
0.341768
0.216966
0.283920
0.201747
0.280096
0.155221
0.248561
0.192073
0.324499
0.220391
0.312258
0.193869
0.297751
0.199972
0.327011
0.193197
0.310483
0.193723
0.336639
0.217113
0.337926
0.201561
0.375164
0.255433
0.424881
0.258976
0.356148
0.222192
0.347819
0.256932
0.378534
0.258806
0.329257
0.235525
0.280699
0.261170
0.329591
0.251896
0.376173
0.217238
0.353989
0.235441
0.324715
0.225763
0.358271
0.233515
0.350524
0.239709
0.375094
0.272099
0.439386
0.293316
0.448949
0.297816
0.425503
0.253416
0.382206
0.269196
0.410277
0.271169
0.342820
0.249380
0.374572
0.265607
0.372283
0.248747
0.341039
0.234862
0.385441
0.251719
0.407159
0.281242
0.411578
0.252220
0.431945
0.300200
0.474170
0.306479
0.443331
0.269658
0.474214
0.280918
0.423739
0.261809
0.359888
0.209058
0.333122
0.264918
0.402834
0.251749
0.334913
0.209851
0.259169
0.199766
0.326410
0.234873
0.338406
0.227132
0.319490
0.215406
0.326414
0.199632
0.278749
0.214843
0.320202
0.231128
0.404292
0.288332
0.456267
0.277042
0.433286
0.271849
0.336329
0.253614
0.382078
0.258929
0.420674
0.255858
0.373036
0.286473
0.378331
0.236477
0.322192
0.220099
0.283289
0.239522
0.362919
0.253900
0.358533
0.224580
0.350363
0.220867
0.372131
0.246135
0.362665
0.249310
0.389049
0.256072
0.388537
0.212657
0.329947
0.207768
0.294166
0.248643
0.359486
0.262169
0.392183
0.248293
0.386743
0.268426
0.377352
0.281416
0.441286
0.257740
0.368845
0.220741
0.334421
0.271764
0.408281
0.239728
0.322412
0.199758
0.283879
0.195912
0.279388
0.254769
0.355779
0.271850
0.409523
0.254791
0.308260
0.240129
0.357614
0.229481
0.293114
0.182409
0.276382
0.196019
0.266790
0.187693
0.285687
0.232530
0.366011
0.256642
0.375469
0.279163
0.436945
0.271701
0.378298
0.265430
0.344710
0.218757
0.324836
0.219606
0.273130
0.225455
0.293766
0.219825
0.300438
0.195182
0.266726
0.202272
0.308889
0.174675
0.313735
0.237474
0.397465
0.273351
0.427116
0.262944
0.414351
0.262501
0.388126
0.262696
0.328912
0.243101
0.375049
0.245011
0.285347
0.218047
0.304437
0.192876
0.250942
0.215780
0.314776
0.181907
0.256503
0.201661
0.314075
0.155105
0.238602
0.138784
0.277717
0.187096
0.282748
0.226561
0.384708
0.254788
0.405228
0.286096
0.411915
0.251275
0.334048
0.217612
0.374613
0.247101
0.340714
0.234026
0.341462
0.231885
0.400155
0.259277
0.406681
0.247525
0.358601
0.281263
0.391386
0.294037
0.369788
0.237907
0.323382
0.198532
0.263309
0.177277
0.245676
0.228334
0.295160
0.223597
0.364549
0.251461
0.408591
0.270381
0.411816
0.251083
0.363630
0.275650
0.411060
0.253633
0.360181
0.283786
0.392953
0.258454
0.333373
0.286422
0.370753
0.230332
0.315396
0.241508
0.398900
0.235565
0.389101
0.256006
0.376897
0.246179
0.313185
0.205155
0.293651
0.242638
0.338986
0.242736
0.394008
0.210867
0.348525
0.215996
0.340049
0.271935
0.406261
0.268775
0.353219
0.225789
0.306766
0.221009
0.264742
0.207772
0.298536
0.218812
0.238853
0.188180
0.214885
0.163254
0.217180
0.217517
0.335699
0.232692
0.321077
0.262777
0.361364
0.293895
0.412047
0.304143
0.464208
0.274772
0.399324
0.279024
0.392958
0.292554
0.445061
0.286280
0.434930
0.260251
0.376027
0.238390
0.321989
0.228028
0.351483
0.183445
0.290546
0.197761
0.293555
0.161535
0.249780
0.170020
0.296045
0.193134
0.340398
0.215202
0.350463
0.227484
0.361833
0.259165
0.354063
0.263940
0.439587
0.275194
0.436011
0.277161
0.400335
0.298088
0.395650
0.287046
0.416642
0.258607
0.328451
0.223987
0.299878
0.248427
0.382185
0.275109
0.432391
0.284759
0.392339
0.292546
0.424271
0.258582
0.397064
0.248772
0.383427
0.278009
0.425045
0.299075
0.415419
0.239917
0.346448
0.237082
0.401078
0.256386
0.374058
0.227698
0.346060
0.238512
0.312435
0.250466
0.341985
0.256109
0.344974
0.197536
0.266465
0.150554
0.220851
0.152987
0.246722
0.166404
0.224149
0.151437
0.216324
0.202033
0.265507
0.205558
0.324585
0.232894
0.357749
0.211601
0.309003
0.193004
0.295280
0.234771
0.339323
0.282161
0.377189
0.284730
0.409070
0.277031
0.371977
0.230369
0.330352
0.231858
0.266643
0.193088
0.286200
0.205880
0.257250
0.202710
0.251366
0.176964
0.273901
0.201805
0.328509
0.222887
0.314598
0.240383
0.401208
0.277579
0.439088
0.270898
0.363469
0.290661
0.403098
0.256978
0.352172
0.207407
0.299962
0.216747
0.270815
0.161000
0.231037
0.203287
0.342035
0.235703
0.349295
0.259309
0.387387
0.299099
0.434899
0.294877
0.399703
0.271782
0.425188
0.266815
0.425519
0.270136
0.437808
0.294198
0.429355
0.237305
0.331341
0.212621
0.301141
0.220500
0.344621
0.241868
0.372515
0.231252
0.407467
0.268131
0.425748
0.242248
0.439199
0.286571
0.485189
0.284772
0.438088
0.318626
0.485879
0.350032
0.523265
0.354327
0.475410
0.310473
0.444251
0.259760
0.404179
0.288710
0.408687
0.268122
0.422559
0.232004
0.371087
0.277791
0.390383
0.230499
0.362010
0.236341
0.375430
0.234538
0.346096
0.283628
0.383344
0.249881
0.409240
0.238615
0.325397
0.196413
0.317225
0.242295
0.377350
0.237165
0.374399
0.238946
0.344805
0.230926
0.294729
0.245131
0.360278
0.198373
0.315631
0.204750
0.252696
0.152699
0.207971
0.176191
0.258276
0.177906
0.269625
0.162725
0.243855
0.200007
0.291310
0.210821
0.355657
0.245976
0.366413
0.219923
0.304281
0.207633
0.283515
0.235685
0.351425
0.209157
0.304316
0.235816
0.365515
0.279307
0.435078
0.278239
0.411721
0.301437
0.433156
0.322660
0.474073
0.342173
0.518880
0.368391
0.531488
0.331180
0.451574
0.271291
0.429016
0.279433
0.379441
0.214557
0.319362
0.249959
0.338022
0.191981
0.283064
0.209834
0.348614
0.215756
0.283283
0.169566
0.235213
0.147314
0.237756
0.213807
0.261461
0.219048
0.351927
0.229508
0.314108
0.184316
0.286102
0.202708
0.345221
0.200280
0.308389
0.208985
0.284169
0.229755
0.343446
0.262062
0.324793
0.224517
0.327076
0.237128
0.314455
0.243941
0.315291
0.248789
0.408077
0.240503
0.346693
0.251603
0.411088
0.299421
0.442920
0.300698
0.465815
0.325975
0.448233
0.293416
0.419611
0.268518
0.423961
0.258276
0.376699
0.256099
0.401153
0.292704
0.429929
0.304049
0.423845
0.302864
0.462063
0.334119
0.479350
0.297845
0.491034
0.315170
0.495093
0.322719
0.458682
0.296432
0.451083
0.335684
0.463575
0.272814
0.383724
0.259744
0.436735
0.291708
0.402512
0.257054
0.379290
0.225813
0.384675
0.229295
0.342501
0.236194
0.388228
0.219664
0.364631
0.174497
0.331308
0.192069
0.305418
0.203342
0.334880
0.202925
0.314297
0.206693
0.328610
0.193955
0.337666
0.227057
0.379512
0.194065
0.299050
0.188133
0.275355
0.199583
0.356937
0.251741
0.418780
0.268034
0.423805
0.276911
0.452991
0.312596
0.485698
0.281853
0.408464
0.271786
0.469714
0.281448
0.408601
0.268953
0.461274
0.248215
0.368152
0.269327
0.395108
0.211261
0.323018
0.175267
0.289166
0.174064
0.266497
0.205238
0.315258
0.242577
0.385376
0.280470
0.387844
0.276713
0.413106
0.291568
0.482071
0.276240
0.388825
0.237676
0.345764
0.222942
0.340636
0.238018
0.386262
0.210721
0.351090
0.181208
0.284349
0.147901
0.263559
0.208082
0.349347
0.209310
0.283890
0.209691
0.315055
0.235396
0.322217
0.252882
0.348388
0.236349
0.332973
0.238533
0.421810
0.288374
0.423257
0.245963
0.413831
0.269423
0.448707
0.262409
0.419740
0.302542
0.422401
0.269512
0.383257
0.233736
0.399200
0.268080
0.384427
0.244649
0.411991
0.274256
0.477095
0.309236
0.471727
0.270969
0.426684
0.232243
0.360167
0.211818
0.312619
0.254111
0.341065
0.209487
0.272283
0.200194
0.288228
0.170513
0.300861
0.222166
0.352203
0.254642
0.426700
0.246345
0.380528
0.267870
0.396774
0.206769
0.311395
0.169247
0.305556
0.203591
0.287360
0.226025
0.318892
0.220928
0.354565
0.235380
0.392581
0.205778
0.334665
0.178435
0.329105
0.242679
0.412406
0.290188
0.450839
0.253815
0.344851
0.208143
0.298399
0.204265
0.288203
0.219428
0.367863
0.236353
0.399117
0.266036
0.406884
0.307022
0.490685
0.343851
0.525917
0.314943
0.426527
0.272395
0.358910
0.273285
0.437503
0.294497
0.414384
0.258639
0.439427
0.289752
0.469927
0.272681
0.405472
0.270166
0.386869
0.299231
0.459898
0.278206
0.389629
0.282603
0.342912
0.221157
0.306971
0.198652
0.304184
0.237709
0.303077
0.238380
0.378917
0.246909
0.305863
0.232354
0.338671
0.220553
0.372314
0.269229
0.404408
0.253008
0.429994
0.306139
0.469325
0.280136
0.424706
0.281484
0.381792
0.231203
0.319243
0.231143
0.292356
0.197375
0.314306
0.215788
0.316795
0.226877
0.302632
0.279396
0.366662
0.247109
0.337582
0.258167
0.360024
0.256570
0.318645
0.244455
0.354351
0.204592
0.312089
0.212724
0.353309
0.254477
0.422647
0.276681
0.438649
0.282722
0.475012
0.263136
0.397368
0.226683
0.292289
0.214489
0.332719
0.237125
0.390725
0.253218
0.388353
0.228961
0.366946
0.212954
0.420055
0.251317
0.417626
0.246644
0.392716
0.275800
0.409739
0.257153
0.388107
0.272654
0.391820
0.270526
0.332209
0.229074
0.345323
0.234261
0.329420
0.197449
0.262301
0.201760
0.327091
0.233109
0.355778
0.255825
0.344089
0.221794
0.315608
0.282000
0.371803
0.279773
0.384146
0.264926
0.391228
0.262176
0.360656
0.218158
0.327343
0.235494
0.417472
0.290934
0.470141
0.289929
0.423735
0.242699
0.381766
0.229330
0.348458
0.229495
0.388238
0.238200
0.446170
0.273086
0.416037
0.231231
0.376161
0.262364
0.404799
0.227095
0.381788
0.269751
0.406625
0.223971
0.350228
0.250656
0.409270
0.221960
0.366875
0.230663
0.315362
0.225306
0.274335
0.182720
0.230056
0.180597
0.295233
0.197585
0.226547
0.171153
0.227484
0.176696
0.265309
0.187780
0.307757
0.236683
0.321936
0.222593
0.323004
0.250692
0.395749
0.273128
0.449561
0.303407
0.471150
0.316716
0.477820
0.312917
0.488445
0.307138
0.526277
0.279014
0.450547
0.284859
0.401431
0.220596
0.298381
0.193088
0.333309
0.205976
0.261371
0.164802
0.271776
0.225858
0.353422
0.258652
0.363132
0.259051
0.427140
0.304146
0.437179
0.269953
0.385072
0.202940
0.292201
0.173072
0.306253
0.199715
0.288442
0.176707
0.260920
0.189372
0.296387
0.150472
0.257797
0.167492
0.287554
0.185193
0.289089
0.202410
0.229592
0.161121
0.244508
0.187226
0.248034
0.196412
0.261391
0.221927
0.334491
0.279726
0.427664
0.272442
0.335084
0.244901
0.369482
0.289374
0.391015
0.272538
0.452852
0.277715
0.416461
0.282140
0.420752
0.253343
0.405348
0.311003
0.471498
0.313060
0.438987
0.254347
0.349765
0.237451
0.365232
0.228053
0.327469
0.212410
0.346403
0.262092
0.420410
0.299152
0.450360
0.266955
0.410556
0.268614
0.448286
0.248645
0.404291
0.253611
0.391131
0.229458
0.341398
0.197111
0.300882
0.218322
0.388453
0.260281
0.431152
0.277083
0.421521
0.269632
0.411542
0.247772
0.450456
0.259030
0.375525
0.223174
0.338159
0.218731
0.396545
0.235172
0.399070
0.248031
0.415954
0.273428
0.432311
0.294487
0.471163
0.281581
0.391382
0.284248
0.389357
0.237012
0.343604
0.208446
0.334100
0.173831
0.268154
0.206939
0.357112
0.224157
0.345256
0.191884
0.362093
0.258669
0.398409
0.226235
0.340649
0.186971
0.319676
0.212455
0.259784
0.173569
0.237653
0.197628
0.318707
0.191901
0.260146
0.165834
0.221484
0.171831
0.246636
0.178189
0.269402
0.166434
0.305297
0.192755
0.269719
0.162567
0.278849
0.221072
0.354639
0.255032
0.377290
0.243074
0.444400
0.284063
0.447248
0.286294
0.442360
0.259976
0.411580
0.268552
0.332667
0.213891
0.290176
0.199060
0.316633
0.214845
0.325164
0.240236
0.334090
0.236070
0.273689
0.214911
0.301655
0.203295
0.310699
0.255734
0.368748
0.259501
0.408556
0.274112
0.465954
0.256315
0.384064
0.228353
0.360992
0.220142
0.315296
0.181166
0.249524
0.185345
0.329913
0.234249
0.381889
0.224559
0.310899
0.235275
0.366853
0.251596
0.344807
0.271783
0.406153
0.314882
0.469607
0.323302
0.441198
0.306689
0.433756
0.268615
0.431992
0.266533
0.431243
0.265768
0.354198
0.222202
0.306440
0.223750
0.268044
0.188909
0.237445
0.206396
0.335887
0.203369
0.282372
0.183367
0.275881
0.202036
0.248994
0.247206
0.345032
0.275133
0.393099
0.253457
0.366053
0.254737
0.406719
0.301328
0.438484
0.238007
0.359812
0.216857
0.311354
0.228492
0.344490
0.268455
0.343065
0.235709
0.326330
0.234718
0.372188
0.224136
0.278409
0.195879
0.272482
0.181473
0.293873
0.242055
0.346199
0.209544
0.314891
0.220269
0.355904
0.253942
0.339977
0.236422
0.327564
0.235343
0.372033
0.250937
0.340785
0.270760
0.406082
0.257871
0.390297
0.278469
0.391373
0.218060
0.318288
0.178057
0.263894
0.181314
0.295159
0.195014
0.263640
0.187412
0.281804
0.164160
0.295975
0.202335
0.338158
0.226928
0.282111
0.206213
0.290705
0.167906
0.250310
0.210487
0.290246
0.223772
0.362523
0.246335
0.416558
0.228075
0.352195
0.217193
0.339414
0.205597
0.351483
0.254932
0.391652
0.239065
0.388555
0.269636
0.385129
0.207586
0.340372
0.255967
0.400573
0.251674
0.369820
0.220492
0.308749
0.200042
0.271891
0.227956
0.332662
0.201277
0.292903
0.178988
0.269897
0.160064
0.245625
0.141297
0.223352
0.129102
0.204032
0.190032
0.327886
0.220619
0.357013
0.232164
0.314923
0.231504
0.336928
0.230619
0.339209
0.247433
0.302881
0.253627
0.381990
0.279608
0.412710
0.256086
0.318416
0.222462
0.332168
0.280715
0.388348
0.284600
0.392186
0.284298
0.438386
0.245243
0.385460
0.237658
0.309114
0.216655
0.317464
0.233612
0.326866
0.207532
0.320250
0.219843
0.243196
0.220306
0.323916
0.236836
0.347072
0.191335
0.293668
0.211430
0.337183
0.242480
0.408337
0.249150
0.365519
0.271132
0.389908
0.270732
0.446339
0.246793
0.358146
0.197401
0.300443
0.169273
0.257029
0.198995
0.351408
0.232161
0.371908
0.232826
0.411332
0.281376
0.481015
0.320991
0.477749
0.257502
0.365580
0.250709
0.394277
0.250708
0.427556
0.268737
0.461611
0.242324
0.424286
0.279416
0.450068
0.256675
0.428582
0.248538
0.378585
0.247136
0.397311
0.284496
0.442196
0.287880
0.439894
0.300425
0.411717
0.259679
0.348708
0.252275
0.423266
0.257768
0.374868
0.219959
0.321796
0.184646
0.298565
0.208486
0.276385
0.187702
0.277519
0.233847
0.333073
0.234465
0.297824
0.250188
0.345031
0.252211
0.387294
0.247733
0.325890
0.264589
0.409963
0.252017
0.380829
0.243080
0.332084
0.227993
0.254987
0.179906
0.232606
0.204460
0.278821
0.198092
0.236678
0.169195
0.216411
0.154323
0.220185
0.137577
0.247041
0.187274
0.264112
0.218674
0.381824
0.227209
0.312492
0.230349
0.350985
0.217837
0.316678
0.215553
0.352489
0.243954
0.328761
0.236317
0.384326
0.215125
0.326699
0.252027
0.409285
0.261890
0.389590
0.280420
0.439988
0.264009
0.426080
0.293362
0.404620
0.254798
0.368370
0.211150
0.340600
0.241365
0.375827
0.256116
0.434820
0.265598
0.400847
0.245856
0.388100
0.242187
0.373580
0.254245
0.376627
0.271517
0.395969
0.210416
0.296615
0.162962
0.235736
0.149919
0.232019
0.182390
0.290653
0.170486
0.264643
0.215906
0.357810
0.224319
0.349585
0.244358
0.304895
0.227010
0.302136
0.228529
0.380389
0.226900
0.328376
0.181487
0.328130
0.228982
0.326486
0.177737
0.274864
0.224532
0.363018
0.220914
0.320213
0.250676
0.366036
0.214996
0.351960
0.211629
0.321641
0.216547
0.332520
0.193046
0.314993
0.234381
0.378409
0.223431
0.362646
0.237007
0.362483
0.237750
0.378385
0.241421
0.334819
0.229024
0.279386
0.190211
0.224650
0.190320
0.308071
0.224857
0.318293
0.236227
0.344752
0.241305
0.341306
0.236570
0.381458
0.253890
0.426815
0.281948
0.462664
0.278643
0.473202
0.268656
0.446762
0.304733
0.441114
0.274716
0.442280
0.239134
0.406460
0.279099
0.416523
0.258002
0.388434
0.207368
0.348616
0.227676
0.326287
0.195224
0.295556
0.193570
0.267616
0.176518
0.267412
0.217387
0.330123
0.244320
0.328276
0.203086
0.344537
0.231247
0.312959
0.199148
0.273293
0.187217
0.298145
0.214743
0.265052
0.214344
0.324381
0.243762
0.330255
0.241855
0.355873
0.244983
0.354041
0.225633
0.390857
0.213841
0.348218
0.227789
0.337713
0.256774
0.397879
0.258139
0.356508
0.233925
0.383818
0.229447
0.362705
0.254624
0.365657
0.186838
0.302058
0.220871
0.336412
0.231299
0.403690
0.270536
0.408129
0.251636
0.394239
0.216397
0.325790
0.189356
0.293588
0.192222
0.280180
0.229161
0.340265
0.273419
0.413691
0.285920
0.393111
0.232761
0.318224
0.234991
0.391835
0.267083
0.363227
0.260989
0.409572
0.252968
0.375411
0.281199
0.428624
0.291292
0.450697
0.267776
0.448382
0.242163
0.406365
0.267220
0.397890
0.239774
0.338943
0.266157
0.350564
0.242917
0.353536
0.205238
0.336017
0.262558
0.424373
0.299080
0.461871
0.312025
0.510018
0.324422
0.499131
0.331225
0.469067
0.300592
0.450540
0.255313
0.421242
0.273083
0.454957
0.311237
0.451454
0.256568
0.419886
0.258291
0.399166
0.267508
0.428326
0.254638
0.393967
0.247164
0.383114
0.234370
0.295773
0.242202
0.348897
0.205190
0.313021
0.183628
0.310660
0.179767
0.291153
0.175277
0.258525
0.186763
0.330832
0.252088
0.385467
0.239908
0.349725
0.253035
0.429434
0.255024
0.404735
0.272554
0.414405
0.297718
0.463575
0.276860
0.375408
0.243479
0.389825
0.261335
0.359161
0.224678
0.358428
0.257213
0.446463
0.291558
0.433131
0.235094
0.346283
0.219146
0.352929
0.202484
0.288606
0.180326
0.290769
0.245176
0.311302
0.181401
0.271731
0.239310
0.369476
0.269710
0.376593
0.250003
0.403172
0.265577
0.444325
0.261925
0.392179
0.306571
0.439547
0.322595
0.474153
0.282460
0.423943
0.302098
0.401018
0.248603
0.355852
0.276612
0.412307
0.301539
0.442046
0.313295
0.493861
0.317746
0.456165
0.288558
0.487932
0.322829
0.537587
0.310302
0.440144
0.247017
0.366402
0.261033
0.446150
0.261577
0.371601
0.261307
0.412253
0.231907
0.387886
0.279043
0.406628
0.253214
0.381645
0.262208
0.422138
0.300786
0.452004
0.292639
0.415991
0.313302
0.472432
0.290663
0.414980
0.280854
0.429868
0.282134
0.420925
0.266739
0.348391
0.205268
0.271263
0.188312
0.268756
0.191249
0.336522
0.212796
0.333398
0.249429
0.384669
0.248334
0.310028
0.229987
0.336774
0.259500
0.344598
0.220429
0.331147
0.255007
0.373481
0.221865
0.337511
0.201714
0.335276
0.219994
0.401677
0.262500
0.426036
0.231404
0.329126
0.245649
0.397447
0.248962
0.420905
0.287530
0.479681
0.324522
0.500773
0.299297
0.475052
0.315184
0.470246
0.303368
0.457824
0.262537
0.382822
0.247019
0.436098
0.257954
0.389077
0.207843
0.311395
0.209700
0.358957
0.224293
0.320701
0.211726
0.346273
0.240216
0.348492
0.243278
0.408317
0.266784
0.367706
0.270306
0.422980
0.275322
0.410141
0.275681
0.457959
0.308456
0.467903
0.257573
0.392644
0.293323
0.459724
0.291351
0.412119
0.261307
0.389934
0.262309
0.415741
0.274713
0.486058
0.280067
0.427607
0.251053
0.406580
0.286841
0.477198
0.286213
0.433765
0.292825
0.447036
0.335651
0.487688
0.289537
0.378491
0.246919
0.365252
0.248571
0.318475
0.222790
0.337860
0.275739
0.369152
0.237751
0.325966
0.251107
0.379343
0.260044
0.452102
0.249656
0.380430
0.234441
0.331325
0.207816
0.317826
0.261626
0.369147
0.214230
0.325061
0.252364
0.367489
0.256196
0.363453
0.217791
0.283375
0.213701
0.309384
0.178301
0.287350
0.159480
0.262610
0.171993
0.282581
0.212964
0.322116
0.253677
0.399114
0.274447
0.421633
0.242549
0.335591
0.196803
0.296773
0.259234
0.384749
0.246668
0.351179
0.219513
0.307076
0.205832
0.284059
0.210557
0.289686
0.231135
0.347043
0.262018
0.385720
0.239147
0.359626
0.284676
0.361218
0.225821
0.325473
0.205811
0.318244
0.243568
0.342922
0.268834
0.380626
0.286596
0.412354
0.282534
0.403389
0.327270
0.428166
0.270637
0.339295
0.267148
0.437346
0.296903
0.402374
0.228033
0.323515
0.213759
0.315905
0.231959
0.378941
0.260673
0.411581
0.284228
0.432924
0.279834
0.357098
0.230427
0.312178
0.217508
0.283413
0.227229
0.367077
0.272870
0.405492
0.253737
0.415410
0.249987
0.360266
0.253326
0.335662
0.232905
0.317093
0.232329
0.280060
0.237568
0.349140
0.259110
0.424365
0.286713
0.396024
0.248347
0.391407
0.279064
0.456460
0.330764
0.492506
0.280217
0.373299
0.245078
0.403852
0.273756
0.411172
0.276842
0.393906
0.271730
0.415453
0.280934
0.425783
0.275748
0.440569
0.231875
0.397988
0.214800
0.336789
0.177243
0.300547
0.194116
0.353411
0.177453
0.323499
0.213488
0.324838
0.221833
0.341103
0.245035
0.361147
0.256428
0.355134
0.224039
0.358527
0.273303
0.416680
0.289132
0.462094
0.324956
0.511112
0.299906
0.439122
0.293255
0.442248
0.322799
0.477841
0.328002
0.478872
0.305268
0.458084
0.344175
0.497169
0.302003
0.434337
0.303756
0.447365
0.325395
0.487083
0.291460
0.423506
0.258848
0.392212
0.256944
0.317485
0.244105
0.371064
0.259488
0.383840
0.294956
0.475545
0.319428
0.458211
0.300593
0.405330
0.276344
0.462675
0.295763
0.425828
0.232449
0.371791
0.283942
0.384307
0.221769
0.352861
0.242430
0.356810
0.230687
0.289642
0.190357
0.217841
0.167706
0.207438
0.137548
0.218806
0.186705
0.280359
0.187936
0.269172
0.198511
0.330201
0.191319
0.343498
0.239631
0.365280
0.268605
0.418596
0.249317
0.356723
0.217876
0.331395
0.242619
0.370236
0.269546
0.401901
0.262453
0.371065
0.230041
0.355979
0.262824
0.446281
0.250879
0.332505
0.193459
0.279657
0.187114
0.306228
0.251855
0.369587
0.253287
0.359645
0.270504
0.416543
0.238467
0.374357
0.257387
0.376594
0.301946
0.419626
0.236731
0.339860
0.210554
0.286166
0.198844
0.314757
0.207934
0.293520
0.264310
0.366955
0.294161
0.418050
0.303556
0.387653
0.227274
0.325373
0.247460
0.337143
0.207744
0.330867
0.220779
0.306869
0.216890
0.349920
0.279523
0.439149
0.320529
0.469910
0.332257
0.510545
0.307261
0.476728
0.316445
0.464332
0.331584
0.449402
0.284368
0.396283
0.257668
0.316031
0.241689
0.310312
0.191304
0.238184
0.184736
0.263445
0.209804
0.338789
0.211381
0.292447
0.161558
0.246848
0.172274
0.251626
0.175623
0.288522
0.192973
0.383121
0.206966
0.331345
0.205135
0.350674
0.257398
0.429803
0.282632
0.425659
0.264305
0.382724
0.274717
0.409699
0.309247
0.460592
0.271961
0.377007
0.276970
0.437944
0.301162
0.477607
0.333787
0.460455
0.257803
0.352269
0.251078
0.408817
0.224891
0.365913
0.218423
0.313998
0.230602
0.370795
0.272909
0.405028
0.250280
0.389555
0.221514
0.343990
0.192118
0.351635
0.239664
0.410998
0.274305
0.416525
0.258992
0.410510
0.235981
0.328340
0.202320
0.278048
0.203154
0.285950
0.214174
0.358344
0.242058
0.423989
0.214391
0.353322
0.220632
0.320877
0.196081
0.295692
0.172519
0.269160
0.143320
0.220150
0.160785
0.294511
0.195026
0.296355
0.240634
0.384886
0.225052
0.335203
0.257191
0.332587
0.199261
0.290040
0.218729
0.318242
0.189091
0.278050
0.245517
0.358240
0.211199
0.293127
0.230000
0.328039
0.233710
0.395626
0.255076
0.393320
0.238174
0.369615
0.194303
0.342097
0.218536
0.371157
0.255503
0.415955
0.264128
0.424756
0.292552
0.456204
0.237602
0.381891
0.229538
0.356816
0.274448
0.386444
0.273407
0.428744
0.267901
0.436052
0.246548
0.368135
0.257763
0.347508
0.234610
0.351480
0.219216
0.328117
0.221720
0.256204
0.224785
0.320409
0.220302
0.276147
0.220302
0.366534
0.224215
0.352875
0.216970
0.277145
0.187891
0.269868
0.174295
0.209204
0.171522
0.247815
0.179834
0.295736
0.187815
0.244945
0.173790
0.247142
0.198643
0.252099
0.179930
0.227991
0.187010
0.251498
0.181313
0.268423
0.214017
0.317006
0.210190
0.293135
0.231978
0.354064
0.202826
0.335097
0.191229
0.325765
0.252177
0.400783
0.257986
0.394696
0.252812
0.356452
0.227069
0.313318
0.217441
0.298325
0.187235
0.249522
0.185529
0.242734
0.158056
0.215324
0.206696
0.318073
0.241921
0.349687
0.256258
0.406922
0.281807
0.419520
0.311168
0.438499
0.317750
0.475533
0.326836
0.444401
0.288721
0.425566
0.275014
0.353401
0.223238
0.292163
0.209321
0.284565
0.185566
0.246241
0.197717
0.249699
0.200640
0.294257
0.198258
0.353736
0.225515
0.327091
0.234773
0.400435
0.242579
0.339861
0.185632
0.270186
0.183593
0.291141
0.198923
0.320570
0.237651
0.381658
0.214975
0.343026
0.253168
0.404443
0.259212
0.386484
0.243104
0.393662
0.259330
0.412363
0.246721
0.410032
0.258425
0.450343
0.260025
0.364292
0.210779
0.270102
0.179761
0.258028
0.151884
0.252374
0.152693
0.245838
0.220706
0.335833
0.241390
0.324776
0.245679
0.338089
0.257812
0.361600
0.214668
0.330383
0.213319
0.330480
0.230452
0.348422
0.248541
0.318940
0.218502
0.361033
0.249583
0.364324
0.237965
0.310479
0.240955
0.392971
0.267829
0.354937
0.222208
0.338707
0.247597
0.350693
0.224330
0.278886
0.195734
0.289876
0.272954
0.376146
0.288676
0.390258
0.250914
0.412657
0.284566
0.417678
0.273104
0.428719
0.290590
0.421033
0.287399
0.460993
0.278475
0.435399
0.302731
0.467425
0.265133
0.368575
0.226253
0.354261
0.265895
0.400684
0.245604
0.392191
0.222196
0.300923
0.211031
0.350106
0.266394
0.376305
0.260315
0.418200
0.247847
0.353028
0.211274
0.324694
0.238303
0.389355
0.230150
0.339191
0.281679
0.382904
0.214347
0.335490
0.256752
0.357090
0.238363
0.364371
0.230706
0.338754
0.252527
0.349422
0.293176
0.413289
0.278126
0.370292
0.296529
0.414835
0.306660
0.431845
0.281946
0.414546
0.286172
0.416042
0.276167
0.381384
0.298717
0.424563
0.300872
0.475973
0.308477
0.458871
0.319226
0.454949
0.341198
0.507289
0.332224
0.469965
0.278700
0.388623
0.272436
0.393134
0.269808
0.360303
0.272425
0.367104
0.289007
0.437429
0.283907
0.394800
0.273267
0.386861
0.264953
0.396247
0.227483
0.367932
0.208903
0.283658
0.175536
0.268544
0.167176
0.271489
0.211104
0.367005
0.233796
0.351034
0.243843
0.391685
0.242414
0.336566
0.189535
0.278377
0.159023
0.227594
0.152111
0.224967
0.165318
0.318267
0.206147
0.332009
0.192890
0.311226
0.207570
0.286349
0.247999
0.388958
0.292178
0.431851
0.281983
0.400284
0.250395
0.396301
0.235117
0.337533
0.214145
0.254916
0.170610
0.253022
0.181974
0.275190
0.251197
0.339902
0.246744
0.342334
0.255743
0.369088
0.203529
0.326900
0.209647
0.316280
0.219862
0.285434
0.251715
0.353635
0.230963
0.294353
0.179200
0.255328
0.163725
0.262244
0.247212
0.334432
0.247755
0.358206
0.236653
0.374374
0.236057
0.447073
0.239943
0.331101
0.189079
0.310835
0.224274
0.362281
0.235655
0.367033
0.271755
0.397073
0.246544
0.366171
0.255833
0.361915
0.234446
0.401449
0.246913
0.378966
0.270382
0.404554
0.287162
0.379343
0.250077
0.390788
0.281227
0.415796
0.262722
0.370622
0.267725
0.360088
0.259442
0.394611
0.299648
0.470168
0.307512
0.450173
0.324696
0.456895
0.285019
0.433433
0.260406
0.324491
0.218928
0.298918
0.201319
0.304291
0.249871
0.384567
0.259984
0.369438
0.266671
0.380184
0.249293
0.442579
0.291706
0.417986
0.234686
0.384480
0.280169
0.423641
0.241628
0.360045
0.195427
0.306672
0.184255
0.342668
0.230772
0.365173
0.228092
0.332117
0.230305
0.344890
0.221376
0.312560
0.277523
0.392007
0.262781
0.339530
0.232132
0.361897
0.245282
0.375182
0.260719
0.367828
0.237823
0.329814
0.188461
0.262282
0.168464
0.234492
0.171644
0.304951
0.214514
0.347618
0.251682
0.364370
0.235004
0.409829
0.279262
0.439121
0.226123
0.400417
0.285665
0.456122
0.261962
0.421851
0.260051
0.386306
0.256651
0.336256
0.245156
0.326656
0.257112
0.371391
0.230933
0.334557
0.211530
0.309375
0.205176
0.291278
0.241085
0.374838
0.268999
0.372640
0.278452
0.438853
0.264585
0.367133
0.289374
0.418756
0.271550
0.345062
0.208357
0.284915
0.237410
0.324075
0.206772
0.351553
0.253303
0.355832
0.209322
0.329758
0.239367
0.366746
0.230292
0.359152
0.195789
0.338008
0.187028
0.311930
0.185794
0.272425
0.202328
0.275832
0.209182
0.373335
0.245110
0.360086
0.255678
0.394130
0.217180
0.342672
0.242297
0.385627
0.250304
0.384456
0.265302
0.371390
0.260985
0.322292
0.223605
0.301341
0.219295
0.291760
0.213563
0.300497
0.229090
0.362571
0.198311
0.327579
0.227474
0.310236
0.200711
0.304960
0.257673
0.392894
0.284461
0.448960
0.300664
0.442884
0.318300
0.413931
0.296937
0.424619
0.257306
0.410431
0.282154
0.430160
0.308127
0.442576
0.286427
0.484264
0.276629
0.440702
0.252950
0.407316
0.262964
0.402647
0.219958
0.301567
0.206245
0.314120
0.173263
0.245979
0.154089
0.242208
0.126982
0.238354
0.167371
0.257905
0.208932
0.263330
0.168752
0.277543
0.233676
0.320178
0.223115
0.372106
0.212425
0.283453
0.219259
0.384783
0.242549
0.356570
0.257234
0.407523
0.246638
0.360456
0.260161
0.359993
0.232670
0.346244
0.229317
0.300034
0.251795
0.372229
0.293207
0.399691
0.267383
0.404552
0.259585
0.381819
0.293068
0.452521
0.319646
0.511594
0.340635
0.461382
0.288157
0.466766
0.285475
0.431592
0.289042
0.408436
0.238835
0.335219
0.246468
0.348638
0.271735
0.395159
0.237484
0.371345
0.245273
0.340774
0.235512
0.384432
0.295435
0.412205
0.245982
0.352920
0.255046
0.377807
0.251970
0.406891
0.256492
0.447964
0.238466
0.419633
0.264671
0.412668
0.242884
0.330785
0.251579
0.354225
0.247483
0.357345
0.202315
0.309735
0.188516
0.310651
0.263128
0.409985
0.254935
0.357481
0.284623
0.408400
0.289805
0.416803
0.235821
0.356080
0.232909
0.369494
0.257197
0.432883
0.261464
0.433714
0.272488
0.444607
0.255003
0.419830
0.308890
0.441100
0.285713
0.445831
0.252173
0.398184
0.236279
0.417592
0.257207
0.441252
0.298062
0.478410
0.315702
0.524986
0.353752
0.504849
0.261502
0.429366
0.303023
0.469248
0.314423
0.476937
0.302560
0.437396
0.279066
0.466906
0.283003
0.425302
0.323130
0.461483
0.293568
0.447923
0.313310
0.485165
0.339489
0.470590
0.256804
0.366641
0.202383
0.287402
0.218012
0.361740
0.232531
0.395590
0.213010
0.317769
0.213384
0.381838
0.245398
0.381080
0.231861
0.362955
0.244761
0.330535
0.246274
0.389244
0.232904
0.352024
0.239765
0.332634
0.235833
0.301960
0.227372
0.321606
0.240556
0.419982
0.281074
0.417096
0.230237
0.375251
0.216269
0.324675
0.214478
0.336901
0.267999
0.400993
0.283083
0.393275
0.233228
0.343420
0.268441
0.377057
0.263941
0.417657
0.264892
0.415235
0.298601
0.389263
0.251102
0.355373
0.211040
0.334752
0.242532
0.384022
0.219932
0.344813
0.227651
0.300410
0.175720
0.237682
0.171919
0.289311
0.172900
0.285138
0.211737
0.282287
0.163318
0.256968
0.178436
0.271108
0.251385
0.386934
0.245168
0.293068
0.234986
0.327300
0.188769
0.304832
0.250234
0.361049
0.237249
0.329273
0.236613
0.380494
0.247311
0.357879
0.257618
0.367174
0.245824
0.332097
0.226137
0.328345
0.210010
0.286764
0.187923
0.256547
0.167552
0.246505
0.192317
0.222169
0.151709
0.215163
0.210855
0.303669
0.260690
0.401899
0.297430
0.408710
0.286196
0.475077
0.285081
0.399112
0.213122
0.338514
0.241522
0.382809
0.296093
0.427382
0.294822
0.483515
0.271708
0.397234
0.241540
0.331378
0.214976
0.248996
0.185341
0.280847
0.191113
0.267371
0.210490
0.225769
0.179777
0.239310
0.177619
0.266313
0.190532
0.227573
0.184856
0.243249
0.223046
0.331790
0.274528
0.382639
0.263958
0.379283
0.258450
0.341990
0.214046
0.325247
0.252282
0.353586
0.220570
0.346125
0.244604
0.330894
0.241316
0.303152
0.218997
0.289996
0.186999
0.259621
0.182548
0.310180
0.216571
0.298469
0.196852
0.312452
0.185969
0.332742
0.220762
0.305434
0.188758
0.313889
0.204689
0.260513
0.193837
0.258794
0.176914
0.258033
0.209707
0.298189
0.260101
0.377926
0.254285
0.328519
0.236726
0.307321
0.225609
0.359552
0.252819
0.359299
0.219710
0.330417
0.251049
0.401778
0.243015
0.318433
0.198183
0.300751
0.211762
0.320180
0.195484
0.311783
0.210090
0.298404
0.201411
0.332718
0.264988
0.390095
0.281322
0.446901
0.283257
0.419299
0.292644
0.410737
0.253396
0.381312
0.272669
0.361752
0.237514
0.340544
0.212381
0.349517
0.223394
0.322191
0.262908
0.371532
0.250230
0.305532
0.245662
0.318510
0.228068
0.309349
0.219678
0.295454
0.247830
0.317001
0.272864
0.329582
0.223794
0.269749
0.214345
0.301474
0.258719
0.341838
0.257526
0.367380
0.275219
0.411780
0.269535
0.441539
0.275179
0.374117
0.229329
0.375543
0.245306
0.350437
0.208829
0.295285
0.231542
0.339398
0.204187
0.348641
0.209896
0.300741
0.214053
0.340265
0.218759
0.362421
0.259993
0.385374
0.248056
0.366387
0.256306
0.387120
0.256220
0.365485
0.208214
0.344824
0.249671
0.350779
0.244274
0.386232
0.241433
0.368445
0.230742
0.365672
0.278047
0.417359
0.297856
0.434798
0.302308
0.428066
0.285589
0.491975
0.282315
0.468737
0.269984
0.400515
0.258100
0.322900
0.224174
0.269436
0.180238
0.250025
0.177156
0.293577
0.249777
0.397391
0.284402
0.389939
0.263668
0.377481
0.258445
0.353362
0.231371
0.387338
0.279515
0.400379
0.245089
0.330694
0.225742
0.392006
0.233010
0.351344
0.249943
0.328840
0.270296
0.434780
0.321894
0.493120
0.349982
0.515340
0.309392
0.429806
0.279384
0.400500
0.242603
0.344444
0.209569
0.278571
0.225566
0.343723
0.207078
0.281530
0.226105
0.354215
0.261406
0.377912
0.246084
0.383034
0.220726
0.381795
0.252790
0.454732
0.299227
0.509080
0.286385
0.454185
0.274200
0.384611
0.238320
0.330723
0.262586
0.369389
0.301702
0.445482
0.310501
0.425477
0.289141
0.431365
0.280961
0.377640
0.222358
0.338977
0.261262
0.415244
0.269352
0.356850
0.265829
0.376701
0.199234
0.321005
0.190075
0.239144
0.176979
0.266965
0.206527
0.363419
0.230663
0.360555
0.231432
0.379743
0.289542
0.459467
0.281831
0.369962
0.228760
0.309062
0.243106
0.387290
0.232455
0.324161
0.236753
0.374306
0.255738
0.373812
0.286982
0.399912
0.272862
0.393426
0.297036
0.456646
0.289616
0.418189
0.292064
0.457903
0.297463
0.451930
0.316128
0.472268
0.326043
0.442438
0.273548
0.373981
0.227495
0.304377
0.213959
0.306898
0.223896
0.398425
0.217871
0.323428
0.174252
0.305144
0.210472
0.311036
0.237327
0.355945
0.254327
0.338005
0.262338
0.393574
0.276523
0.409157
0.240731
0.384736
0.252321
0.338636
0.215167
0.332584
0.181994
0.305872
0.224188
0.341674
0.261339
0.385890
0.258499
0.327074
0.224588
0.320884
0.219018
0.271270
0.191988
0.221441
0.209720
0.298666
0.228468
0.287289
0.193313
0.273496
0.179890
0.281934
0.227676
0.322182
0.193953
0.303283
0.214932
0.302893
0.210098
0.327474
0.221288
0.333983
0.282466
0.388535
0.245412
0.375045
0.243140
0.292240
0.196842
0.302142
0.222698
0.304571
0.217374
0.261482
0.203257
0.328535
0.226390
0.293075
0.194644
0.242206
0.187783
0.299058
0.202087
0.309795
0.243330
0.300086
0.194777
0.245776
0.221633
0.321270
0.222019
0.351386
0.215008
0.378373
0.249267
0.409500
0.286441
0.421610
0.249896
0.329314
0.233380
0.337511
0.223350
0.317422
0.229764
0.404376
0.258098
0.434936
0.281529
0.474728
0.296223
0.445455
0.290253
0.425804
0.295292
0.457183
0.260273
0.423343
0.297698
0.446215
0.305012
0.440015
0.267585
0.382937
0.297506
0.427335
0.283144
0.338612
0.260698
0.341361
0.222282
0.348725
0.226954
0.332846
0.225312
0.322626
0.185485
0.245255
0.201180
0.324552
0.179470
0.310418
0.237255
0.370550
0.214499
0.303072
0.203667
0.335343
0.254501
0.419759
0.240532
0.377048
0.235173
0.292831
0.221056
0.347195
0.227051
0.348474
0.232848
0.329300
0.280222
0.363482
0.274196
0.427755
0.289496
0.423764
0.243559
0.313749
0.218182
0.308205
0.185694
0.319509
0.207210
0.320354
0.232851
0.378531
0.238807
0.396163
0.241999
0.368545
0.285431
0.418337
0.309380
0.448010
0.308267
0.496725
0.302675
0.448512
0.271837
0.415461
0.215816
0.361399
0.255163
0.433079
0.270180
0.393912
0.216243
0.373580
0.222377
0.330930
0.209307
0.337930
0.275515
0.393912
0.254875
0.384270
0.237974
0.288524
0.185816
0.290453
0.225472
0.297655
0.241442
0.319061
0.235653
0.367481
0.215984
0.279401
0.190334
0.295995
0.235689
0.343792
0.236868
0.391588
0.206281
0.386214
0.249513
0.411225
0.253283
0.327766
0.200636
0.288874
0.236153
0.354536
0.246848
0.417053
0.261342
0.442862
0.271735
0.412647
0.248522
0.362376
0.267508
0.330686
0.223873
0.302504
0.196651
0.300021
0.232650
0.288376
0.211303
0.292388
0.194279
0.301601
0.199581
0.302409
0.207674
0.306144
0.187855
0.321702
0.202979
0.269148
0.185162
0.235878
0.151931
0.252056
0.200376
0.254559
0.200887
0.309217
0.211035
0.369918
0.250113
0.391753
0.241054
0.329527
0.220500
0.303467
0.184604
0.286642
0.231587
0.333521
0.233026
0.384433
0.212299
0.327961
0.224879
0.331108
0.225292
0.376523
0.207507
0.325189
0.232540
0.381562
0.280330
0.421849
0.270083
0.437960
0.272641
0.430496
0.266444
0.412863
0.251695
0.348860
0.241781
0.349575
0.213680
0.317732
0.225545
0.315011
0.225104
0.400509
0.237401
0.352568
0.261725
0.437815
0.254684
0.343533
0.258657
0.356293
0.224717
0.362261
0.262521
0.404853
0.251517
0.435085
0.300568
0.457552
0.295602
0.434589
0.251597
0.388377
0.262044
0.468623
0.269625
0.400925
0.234462
0.342666
0.252336
0.374696
0.228672
0.376973
0.238001
0.345252
0.259209
0.446586
0.255480
0.394075
0.312788
0.461453
0.294720
0.386408
0.267864
0.358342
0.209072
0.347752
0.225239
0.325422
0.260688
0.362708
0.271883
0.428616
0.265718
0.405530
0.301005
0.410978
0.263402
0.333864
0.193159
0.273866
0.222564
0.322782
0.199982
0.282724
0.157585
0.224888
0.181420
0.325830
0.175839
0.260619
0.179725
0.324496
0.211276
0.339556
0.197309
0.301824
0.165709
0.307402
0.240335
0.352243
0.226902
0.375238
0.210081
0.345562
0.252033
0.395083
0.287658
0.439932
0.304843
0.466195
0.263189
0.391097
0.280919
0.389139
0.251714
0.388592
0.246939
0.411782
0.254752
0.393682
0.279633
0.440741
0.252745
0.328581
0.223784
0.343945
0.228077
0.321589
0.222960
0.402823
0.227838
0.337370
0.246423
0.375057
0.234533
0.282639
0.193060
0.286540
0.220896
0.314663
0.235503
0.392043
0.287081
0.454012
0.326722
0.468098
0.304805
0.421504
0.265267
0.416667
0.293557
0.465359
0.272568
0.407768
0.261683
0.395632
0.287316
0.434796
0.250494
0.386663
0.263706
0.396983
0.291334
0.439645
0.324062
0.477117
0.303513
0.415935
0.241368
0.351581
0.219285
0.311756
0.274924
0.399622
0.312809
0.438560
0.306383
0.437280
0.244803
0.364592
0.236923
0.385376
0.235502
0.398331
0.240989
0.343845
0.209296
0.379585
0.256473
0.390944
0.274325
0.449504
0.286445
0.391113
0.221122
0.349121
0.265296
0.379382
0.226126
0.329212
0.207420
0.387755
0.279411
0.434423
0.254780
0.436834
0.298622
0.439705
0.260796
0.414560
0.284153
0.447544
0.256183
0.370721
0.261710
0.414617
0.280457
0.456774
0.297620
0.421419
0.290683
0.452099
0.264868
0.443599
0.285997
0.429626
0.259619
0.376210
0.233336
0.352175
0.264392
0.389477
0.259982
0.391869
0.261214
0.378160
0.263758
0.348510
0.254621
0.385221
0.231727
0.418679
0.238498
0.375155
0.222774
0.295481
0.210960
0.287208
0.200491
0.322297
0.254194
0.404915
0.232719
0.332768
0.215083
0.286877
0.174873
0.305907
0.191903
0.261424
0.218335
0.306380
0.222516
0.347738
0.263313
0.393826
0.257793
0.327568
0.261127
0.325187
0.223729
0.296734
0.182394
0.296986
0.189996
0.258074
0.193507
0.302004
0.228913
0.381139
0.259313
0.362921
0.260133
0.442937
0.284143
0.428390
0.243852
0.366222
0.248138
0.373860
0.208494
0.356050
0.271980
0.390467
0.207604
0.297948
0.199685
0.367874
0.247384
0.367359
0.216809
0.343354
0.252520
0.406794
0.304018
0.466207
0.317088
0.430807
0.258402
0.423109
0.284637
0.430648
0.287510
0.433471
0.312332
0.438003
0.278904
0.381069
0.263964
0.362505
0.286210
0.364967
0.252357
0.367844
0.228921
0.339876
0.230272
0.334615
0.206498
0.311217
0.251462
0.342845
0.226423
0.260589
0.212737
0.310328
0.230377
0.311561
0.191760
0.286641
0.225895
0.389684
0.269290
0.382509
0.218776
0.369339
0.281968
0.415753
0.250357
0.371161
0.198131
0.321694
0.236518
0.364525
0.252812
0.399329
0.270326
0.429330
0.287000
0.459197
0.308425
0.438075
0.270927
0.394565
0.268187
0.466853
0.279912
0.421987
0.238350
0.361814
0.243268
0.385026
0.229234
0.312214
0.240763
0.367558
0.267927
0.424619
0.240714
0.319354
0.209787
0.312093
0.211125
0.331091
0.251348
0.379338
0.218610
0.370938
0.270530
0.397455
0.277979
0.387480
0.226530
0.383972
0.278277
0.444680
0.328322
0.461830
0.303525
0.481850
0.265094
0.415108
0.256188
0.366492
0.288938
0.408815
0.301914
0.437221
0.317869
0.424830
0.276816
0.441778
0.274774
0.361621
0.278755
0.432502
0.308577
0.471186
0.289699
0.445923
0.293579
0.477127
0.302924
0.430538
0.249094
0.371320
0.261399
0.389750
0.236275
0.371888
0.277087
0.397242
0.250160
0.348286
0.209419
0.328331
0.267856
0.367586
0.240098
0.361673
0.181668
0.275538
0.161362
0.288168
0.164100
0.225015
0.148056
0.246247
0.182713
0.286512
0.257246
0.360292
0.243917
0.383368
0.275740
0.364819
0.230074
0.321524
0.215762
0.306750
0.183460
0.247773
0.191219
0.321589
0.225225
0.370942
0.210357
0.353921
0.216583
0.315123
0.237430
0.334693
0.250597
0.344256
0.278823
0.427120
0.268294
0.371255
0.247512
0.380710
0.238448
0.344519
0.272306
0.360284
0.251044
0.388978
0.270030
0.411638
0.233890
0.371185
0.220359
0.304289
0.188536
0.284135
0.234498
0.355317
0.263612
0.414404
0.261503
0.395835
0.269177
0.403703
0.270443
0.345454
0.270546
0.347680
0.212100
0.304180
0.226536
0.310636
0.192476
0.326603
0.211816
0.307956
0.220966
0.271623
0.214734
0.319337
0.253662
0.308943
0.211130
0.327642
0.267230
0.388615
0.301123
0.459772
0.286161
0.349562
0.242191
0.382231
0.283839
0.392570
0.266817
0.371780
0.229536
0.317545
0.215625
0.370646
0.230532
0.360055
0.271815
0.398579
0.288583
0.425289
0.304350
0.415640
0.258440
0.345429
0.259314
0.364750
0.222727
0.361409
0.227160
0.367683
0.231201
0.316557
0.186430
0.299487
0.203795
0.322857
0.247416
0.322332
0.215672
0.328274
0.223086
0.308569
0.257595
0.337645
0.206819
0.311429
0.247362
0.315841
0.209977
0.325428
0.264287
0.376363
0.260644
0.396301
0.268858
0.402191
0.209387
0.326305
0.213297
0.367154
0.208466
0.321957
0.209689
0.320273
0.224792
0.384898
0.230242
0.380699
0.215925
0.368450
0.209958
0.321270
0.205354
0.325136
0.270331
0.350593
0.228460
0.380951
0.268960
0.388537
0.271099
0.394416
0.283797
0.429940
0.236670
0.401872
0.300529
0.445425
0.299950
0.455845
0.293813
0.491266
0.330425
0.507390
0.280492
0.467541
0.286502
0.381070
0.233043
0.328212
0.233220
0.392691
0.261667
0.436709
0.260244
0.418043
0.229815
0.387932
0.261748
0.416885
0.229750
0.398522
0.268246
0.413221
0.269293
0.448853
0.240927
0.390499
0.224781
0.343765
0.206983
0.372343
0.252881
0.411611
0.265669
0.384407
0.216977
0.340047
0.245640
0.375725
0.275066
0.382617
0.227877
0.327409
0.247475
0.330869
0.245864
0.341611
0.219044
0.343825
0.207905
0.310561
0.198524
0.276940
0.206515
0.259884
0.213057
0.254957
0.164953
0.247500
0.217054
0.312306
0.249810
0.395577
0.277668
0.420566
0.267790
0.407643
0.276782
0.380291
0.226301
0.351720
0.269259
0.395958
0.310248
0.451700
0.303353
0.442944
0.303260
0.409690
0.260612
0.427466
0.280646
0.401788
0.270741
0.418580
0.270195
0.401859
0.299242
0.400219
0.265270
0.346529
0.255444
0.403271
0.305033
0.454324
0.294600
0.433762
0.298192
0.452300
0.238576
0.353016
0.229336
0.378401
0.231446
0.322147
0.235367
0.354689
0.237034
0.388369
0.297720
0.457491
0.303436
0.473068
0.340973
0.517783
0.346620
0.523550
0.333497
0.528555
0.351124
0.515943
0.302226
0.413743
0.280602
0.465988
0.316240
0.450560
0.274748
0.451795
0.313893
0.477955
0.332627
0.483827
0.285176
0.456963
0.260438
0.432194
0.306215
0.468793
0.316492
0.468006
0.261512
0.415500
0.217194
0.357555
0.220897
0.342707
0.235619
0.390647
0.233264
0.325417
0.226239
0.335026
0.220882
0.402860
0.232411
0.390456
0.255141
0.371177
0.271115
0.444883
0.294670
0.444606
0.277227
0.414801
0.211422
0.350320
0.230500
0.403737
0.232156
0.358239
0.242467
0.291446
0.236073
0.356402
0.267473
0.428042
0.265918
0.384358
0.313484
0.424252
0.312704
0.498366
0.343221
0.503096
0.337793
0.495540
0.317028
0.500922
0.315911
0.443302
0.232288
0.334778
0.238538
0.365070
0.193172
0.357034
0.212859
0.290835
0.162468
0.229426
0.185681
0.297942
0.179773
0.319443
0.235949
0.372109
0.237303
0.429006
0.236785
0.341131
0.198512
0.314707
0.261340
0.371205
0.247530
0.371035
0.231596
0.346994
0.199459
0.285749
0.196458
0.341041
0.266030
0.400793
0.222483
0.338257
0.254641
0.393762
0.234020
0.342016
0.277018
0.407963
0.251182
0.363643
0.290562
0.415048
0.236872
0.371520
0.270707
0.403986
0.316775
0.479387
0.336848
0.499629
0.334311
0.456896
0.285507
0.390767
0.289141
0.370746
0.259935
0.381344
0.209459
0.301555
0.202308
0.322054
0.215557
0.376592
0.225385
0.354763
0.211640
0.307108
0.260596
0.369757
0.218476
0.335017
0.256282
0.363089
0.221176
0.327462
0.184626
0.285299
0.152017
0.285976
0.189623
0.265472
0.229670
0.354804
0.262844
0.388235
0.204714
0.350600
0.239436
0.381946
0.231025
0.317738
0.204829
0.294394
0.196153
0.235516
0.199628
0.282259
0.220534
0.330389
0.223834
0.356806
0.280340
0.408274
0.244217
0.323259
0.225691
0.344237
0.224913
0.336552
0.253927
0.363604
0.236941
0.306940
0.219082
0.285631
0.267498
0.352738
0.234481
0.277354
0.218224
0.300821
0.216215
0.349421
0.228431
0.331834
0.281564
0.412916
0.303035
0.437182
0.321528
0.442857
0.328631
0.436462
0.302205
0.478388
0.310427
0.438812
0.300528
0.438376
0.249641
0.403042
0.290371
0.443070
0.275330
0.362539
0.236502
0.353911
0.203098
0.293498
0.201355
0.309932
0.219367
0.345291
0.238247
0.356308
0.244299
0.356130
0.236318
0.378733
0.269326
0.404038
0.253318
0.435186
0.236134
0.343438
0.207079
0.286328
0.221002
0.353738
0.182336
0.318377
0.212445
0.341500
0.224119
0.286038
0.180739
0.264939
0.171255
0.263597
0.198923
0.294910
0.252278
0.356737
0.235434
0.349826
0.245715
0.344293
0.259927
0.427113
0.273392
0.381487
0.220051
0.340125
0.262204
0.373567
0.235033
0.379660
0.206698
0.336192
0.210287
0.273576
0.173900
0.287837
0.212655
0.283991
0.218206
0.335972
0.232993
0.414724
0.235288
0.383928
0.287167
0.440026
0.295541
0.413284
0.277881
0.415117
0.295199
0.437212
0.291752
0.467172
0.247609
0.395527
0.274228
0.406015
0.227995
0.381891
0.212089
0.337974
0.248959
0.390769
0.250957
0.394926
0.219578
0.371388
0.215764
0.329614
0.170283
0.313772
0.186892
0.299405
0.221560
0.343826
0.256556
0.377589
0.222034
0.378200
0.275845
0.446370
0.280931
0.409728
0.299511
0.445707
0.263439
0.386409
0.269576
0.368681
0.247780
0.352899
0.208097
0.275256
0.160329
0.230884
0.157661
0.212559
0.177399
0.269309
0.185893
0.314758
0.202346
0.361673
0.218643
0.309294
0.192855
0.287902
0.219204
0.301686
0.252239
0.372875
0.263131
0.385957
0.267559
0.381083
0.231760
0.359599
0.249219
0.362216
0.239311
0.359988
0.261845
0.369107
0.276746
0.425419
0.264216
0.378736
0.233727
0.291393
0.224173
0.319347
0.249509
0.382020
0.255442
0.408406
0.237552
0.357680
0.243054
0.396694
0.240205
0.405924
0.207772
0.344228
0.175818
0.317628
0.211730
0.366504
0.216583
0.300072
0.227078
0.356679
0.215257
0.405488
0.238126
0.359847
0.225532
0.359816
0.209102
0.306856
0.221628
0.307454
0.222763
0.333216
0.234947
0.330074
0.213444
0.351613
0.238325
0.406923
0.294649
0.482871
0.321373
0.458432
0.286198
0.410927
0.285061
0.456286
0.277079
0.466424
0.266379
0.393718
0.229181
0.320680
0.232438
0.345483
0.241138
0.371617
0.255916
0.363993
0.286639
0.357870
0.262276
0.379481
0.223578
0.369014
0.234046
0.306946
0.180672
0.234604
0.175345
0.269326
0.203912
0.370763
0.215566
0.340308
0.270363
0.403073
0.228307
0.354072
0.260278
0.354241
0.253495
0.429712
0.279998
0.440965
0.250632
0.329176
0.243748
0.403256
0.236342
0.334403
0.181463
0.285978
0.181816
0.269677
0.207737
0.280677
0.218564
0.350998
0.202734
0.305636
0.218390
0.371387
0.274781
0.387016
0.259575
0.402706
0.265659
0.449839
0.266984
0.442486
0.244134
0.398651
0.254425
0.414407
0.253491
0.429329
0.247091
0.362932
0.260229
0.404966
0.257959
0.367693
0.227866
0.341401
0.209557
0.369596
0.216235
0.369930
0.265294
0.406528
0.233699
0.373710
0.204299
0.367176
0.269785
0.416975
0.260944
0.386749
0.217640
0.324519
0.214321
0.375731
0.210610
0.326849
0.202623
0.319536
0.210407
0.322662
0.265356
0.368081
0.250665
0.320378
0.237266
0.332425
0.202822
0.303116
0.165094
0.275095
0.151672
0.218041
0.149544
0.260189
0.168005
0.221179
0.184632
0.290843
0.201960
0.284588
0.205449
0.355583
0.230262
0.319530
0.191398
0.257520
0.197726
0.314036
0.199348
0.350695
0.231194
0.350598
0.228087
0.346813
0.246952
0.403936
0.270047
0.427852
0.239128
0.409969
0.254003
0.447305
0.291803
0.419117
0.243335
0.409136
0.297503
0.432256
0.233869
0.372941
0.260819
0.405386
0.268749
0.448495
0.246579
0.411897
0.263649
0.427060
0.231696
0.368797
0.202056
0.303357
0.189218
0.270177
0.165376
0.291307
0.191195
0.237014
0.185961
0.271176
0.173477
0.237516
0.200043
0.280770
0.199058
0.321871
0.197323
0.351955
0.221051
0.362501
0.245813
0.414847
0.270832
0.478975
0.291183
0.453754
0.256498
0.411277
0.264288
0.386789
0.263954
0.339350
0.240798
0.354111
0.236017
0.400541
0.240098
0.346744
0.216364
0.354313
0.211716
0.343473
0.225755
0.340335
0.198425
0.347586
0.201009
0.318451
0.214920
0.320000
0.230699
0.316622
0.286890
0.390429
0.276344
0.320259
0.269015
0.413585
0.260986
0.334687
0.227153
0.320647
0.223962
0.363016
0.259982
0.404419
0.292816
0.424250
0.246747
0.397825
0.216013
0.369604
0.264555
0.428922
0.288201
0.395017
0.267351
0.455893
0.262854
0.365880
0.231715
0.397973
0.255596
0.384042
0.286427
0.450794
0.316155
0.452884
0.255932
0.400503
0.265917
0.374827
0.251103
0.415467
0.248298
0.372297
0.285099
0.442275
0.302976
0.437167
0.319615
0.505082
0.359674
0.538827
0.327375
0.490229
0.329517
0.492849
0.345481
0.525133
0.320588
0.426381
0.289057
0.451077
0.330543
0.451405
0.246546
0.343398
0.248503
0.375369
0.235665
0.369872
0.254944
0.399460
0.218066
0.365521
0.213223
0.389861
0.213634
0.363540
0.276493
0.425064
0.244048
0.327299
0.198276
0.290857
0.190980
0.254866
0.207275
0.314203
0.220924
0.378486
0.229309
0.316321
0.234212
0.342828
0.246652
0.361102
0.250138
0.379621
0.215753
0.379749
0.263523
0.434600
0.292482
0.479083
0.261316
0.412114
0.272172
0.367384
0.206271
0.313572
0.246923
0.381176
0.277346
0.452604
0.310450
0.507338
0.324474
0.480978
0.301392
0.508797
0.320086
0.485211
0.271797
0.443147
0.287158
0.405853
0.291646
0.450587
0.278535
0.385079
0.249485
0.328721
0.244534
0.302941
0.231148
0.346689
0.290334
0.425944
0.313262
0.435438
0.292043
0.410175
0.246248
0.366757
0.278215
0.410338
0.292321
0.436899
0.281143
0.449379
0.222837
0.345901
0.177858
0.316034
0.241777
0.346229
0.242305
0.379924
0.209976
0.320602
0.175810
0.310924
0.178957
0.297217
0.194607
0.335431
0.229608
0.298065
0.171010
0.234567
0.156022
0.224092
0.183751
0.314693
0.170536
0.264527
0.199030
0.327159
0.230188
0.342628
0.229133
0.414768
0.255400
0.416099
0.273596
0.440581
0.255700
0.420016
0.255941
0.403830
0.234818
0.409263
0.203181
0.330537
0.231246
0.380547
0.218412
0.356354
0.212025
0.326827
0.250037
0.369538
0.260794
0.324401
0.253143
0.361259
0.227438
0.338249
0.214824
0.350973
0.204418
0.296175
0.197073
0.334787
0.216694
0.329666
0.218841
0.327830
0.220441
0.313229
0.262183
0.374787
0.269664
0.345856
0.246716
0.362571
0.257976
0.347280
0.208821
0.318889
0.239318
0.346250
0.248420
0.326773
0.202359
0.301245
0.223366
0.307178
0.246807
0.388874
0.221581
0.298997
0.186525
0.249391
0.195821
0.315474
0.202293
0.351845
0.216657
0.322905
0.239837
0.301995
0.203279
0.292195
0.187047
0.249892
0.165858
0.229728
0.185626
0.279239
0.240209
0.377581
0.270971
0.373159
0.268135
0.404790
0.254762
0.358927
0.256831
0.348498
0.275748
0.362531
0.269299
0.428029
0.288785
0.463794
0.269035
0.399388
0.229217
0.330883
0.212180
0.276944
0.193141
0.292692
0.181715
0.253079
0.201470
0.334481
0.261498
0.418956
0.290640
0.469222
0.309770
0.486101
0.304519
0.431814
0.303643
0.454773
0.314716
0.497068
0.302791
0.440115
0.300466
0.445704
0.228450
0.389282
0.259290
0.356599
0.256773
0.381311
0.260537
0.416117
0.238297
0.397458
0.248803
0.375241
0.244124
0.330290
0.187691
0.293225
0.189836
0.258604
0.212276
0.356566
0.209091
0.343688
0.216552
0.318295
0.257287
0.364667
0.240565
0.338455
0.278480
0.432711
0.312558
0.443796
0.297103
0.414987
0.244334
0.413188
0.284814
0.413469
0.233739
0.384021
0.239618
0.298965
0.211941
0.328881
0.234177
0.343935
0.229206
0.379425
0.279332
0.408280
0.238844
0.404788
0.263585
0.368330
0.235286
0.374304
0.283217
0.425644
0.233705
0.379102
0.281139
0.392507
0.266625
0.407158
0.248982
0.397347
0.241169
0.336783
0.235249
0.379975
0.199845
0.297347
0.173736
0.269370
0.188021
0.281564
0.210032
0.341290
0.200966
0.313137
0.243689
0.358993
0.239923
0.413340
0.293157
0.468086
0.315276
0.461847
0.266766
0.389247
0.263020
0.384264
0.234703
0.286161
0.216493
0.336222
0.253690
0.395037
0.301630
0.465972
0.288018
0.404061
0.258670
0.349862
0.291874
0.435847
0.328220
0.430694
0.259017
0.393532
0.290051
0.378790
0.281895
0.411960
0.270296
0.433321
0.248403
0.379756
0.272653
0.406397
0.250656
0.379912
0.243952
0.380339
0.216774
0.309306
0.225397
0.355041
0.221377
0.366199
0.186286
0.334814
0.210326
0.324580
0.238323
0.354233
0.250085
0.392145
0.248131
0.378543
0.271245
0.374311
0.240917
0.346263
0.266710
0.368962
0.241548
0.338757
0.233822
0.405735
0.260901
0.402009
0.256795
0.403133
0.302146
0.428035
0.257178
0.393694
0.284921
0.418155
0.268159
0.413959
0.293179
0.424868
0.229216
0.381105
0.264703
0.371740
0.244820
0.377963
0.247543
0.449479
0.237337
0.393935
0.227620
0.311314
0.182778
0.275082
0.175377
0.236069
0.167743
0.204269
0.130023
0.196498
0.147696
0.211332
0.213688
0.328072
0.258349
0.386331
0.257061
0.309846
0.215077
0.327017
0.244280
0.323061
0.199492
0.266590
0.221481
0.350614
0.226606
0.360229
0.279282
0.431333
0.284643
0.407845
0.290193
0.410633
0.240893
0.408026
0.286753
0.456282
0.301714
0.422652
0.263444
0.411122
0.301092
0.460994
0.289441
0.397783
0.245605
0.352473
0.253040
0.389109
0.257130
0.318492
0.224624
0.308294
0.250536
0.347630
0.220839
0.358529
0.242606
0.398931
0.264062
0.366072
0.250824
0.398676
0.286508
0.429908
0.252946
0.337282
0.201227
0.280305
0.191995
0.261720
0.173907
0.243634
0.194731
0.254282
0.213940
0.337487
0.243220
0.406129
0.215333
0.351847
0.265738
0.387268
0.277981
0.427750
0.273717
0.402221
0.230421
0.385120
0.230701
0.372295
0.268430
0.415379
0.272234
0.475117
0.320512
0.465767
0.271385
0.454796
0.272558
0.429611
0.248516
0.337449
0.220798
0.337582
0.180659
0.276188
0.205597
0.333664
0.201035
0.332952
0.192040
0.333074
0.185099
0.267968
0.202000
0.329389
0.173845
0.284501
0.190772
0.301289
0.236064
0.340513
0.203459
0.273116
0.236882
0.378761
0.278525
0.435755
0.251726
0.372760
0.288182
0.392357
