-0.059812
-0.777628
0.339572
-0.595576
0.384204
-0.833636
-0.717183
0.255175
-1.119170
0.100968
-0.675786
-0.293250
-0.244910
-0.851652
0.542350
-0.341243
-0.154576
-0.009378
-1.158974
0.205869
-1.320348
-0.423254
-0.718569
-0.403855
-0.270598
-0.984320
-0.428590
-0.879214
-0.094980
-0.268320
-0.886946
0.364556
-0.501438
-0.670159
0.062708
-0.855179
0.073041
-0.252357
-0.541322
0.085463
-0.798715
0.369791
-0.913177
0.185406
-0.528633
-0.889184
0.392996
-0.453686
-0.522236
0.005158
-0.607891
-0.377281
-1.206684
0.163785
-0.183064
-0.660849
-0.478369
-1.370103
0.022744
-1.127185
-0.639629
0.323843
-0.444804
0.447861
-1.020260
-0.207863
-0.393577
-0.512328
0.106556
-0.688737
-0.096408
-0.860690
-0.734398
0.488320
-0.463201
0.193489
-0.746865
-0.313900
0.126943
-1.042899
0.234846
-0.987183
-0.482047
0.270405
-0.535863
-0.079549
-1.028449
0.103056
-0.376287
-0.613924
0.555370
-0.747994
-0.008863
0.002906
-0.768496
0.496702
-0.986820
0.256365
-0.303775
-0.182960
-0.004070
-1.184054
0.475680
-0.193922
-0.818561
0.306240
-0.738394
0.011403
-0.605513
-0.552810
0.100134
-1.018018
0.046910
-1.087282
-0.518618
-0.535683
-0.685220
0.001780
-1.203096
0.314789
-0.840968
-1.007837
0.032122
-0.638420
0.485292
-0.138264
-0.325326
-0.159331
-0.640361
-0.066306
-0.896096
-0.645677
-0.062277
-1.102613
-0.250673
-0.554759
-0.622177
0.024716
-1.108495
0.339096
-1.281918
0.322064
-0.847410
-0.650498
-0.267292
-1.153944
0.270314
-0.298475
-0.395899
0.454389
-0.757493
0.306706
-1.059650
-0.787279
-0.089435
-1.286843
-0.339986
-1.052741
-0.328926
0.093059
-0.727294
0.354484
-1.284680
-0.508387
0.144253
-1.003751
0.462698
-1.259781
0.439375
-0.933906
-0.223420
-0.414214
-1.395718
0.448481
-0.520131
-0.785878
-0.411667
-0.987793
0.492467
-0.405392
-0.474803
-0.133356
-0.746061
0.052452
-0.625985
-0.606539
-0.281080
-0.484392
-0.110419
-0.380465
-0.015068
-0.066495
-0.386130
0.165603
-1.363473
0.248325
-0.240001
-0.084424
0.330773
-0.559100
0.544454
-0.446421
0.025397
0.336857
-0.680159
0.094193
-1.122920
0.082331
0.120223
-1.195622
0.243737
-1.108392
0.001414
-0.670773
-0.471466
-0.126623
-1.065225
-0.296076
-0.956939
-0.419419
-0.289341
-0.745822
0.057644
-0.181639
-0.642170
-0.063514
-0.645818
-0.296618
-0.785892
-0.197836
0.217728
-0.849713
-0.064743
-0.488920
-0.231707
-0.852479
-0.863160
0.171233
-0.551999
-0.324554
-0.312458
-0.611038
-0.004591
-1.094924
0.237484
-0.931440
-0.344458
-0.533912
-0.965508
0.275416
-0.551127
-0.196289
-0.338697
-1.140885
0.208981
-0.686197
0.024523
-0.483484
-0.501269
-0.212494
-0.451769
0.092694
-0.290949
-0.876700
0.069148
-1.311248
-0.238999
-0.195828
-0.323705
-0.448737
-1.278868
-0.073390
-0.613517
-0.284788
0.019843
-1.058275
0.372698
-0.998490
-0.418067
-0.578945
-0.288274
-0.402387
-0.529032
-0.296612
-0.711678
-0.735615
0.515159
-0.475067
0.237348
-0.331996
-0.931377
0.172807
-1.013126
0.321218
-0.210028
-0.005969
0.252321
-1.161549
0.383753
-0.709312
-0.493117
0.178370
-0.391006
0.472887
-0.838446
-0.090048
-0.692924
-0.934216
0.437341
-0.892836
-0.094806
-0.138962
-0.598038
-0.195456
-1.219459
0.209559
-0.386418
-0.827252
0.028356
-0.887079
0.417557
-0.500789
-0.655751
-0.463821
-0.826998
-0.278867
-1.175100
-0.345792
-0.487022
-0.309835
0.493785
-0.750578
0.244741
-0.125922
-0.637918
-0.128306
-1.004562
0.159317
-0.464300
-0.750954
-0.391226
-1.317605
-0.327154
-0.542975
-0.514431
-0.358418
-1.015680
-0.311924
-0.859522
0.186756
-0.185097
-1.007196
0.252786
-0.594633
-0.140689
-0.742577
-0.289100
0.182199
-0.876278
-0.319700
-0.473481
-0.626349
0.316980
-1.002573
-0.208742
-0.827039
-0.192912
0.029082
-0.380264
-0.071667
-0.359773
-0.654360
-0.315746
-1.295258
0.382192
-0.562189
-0.372596
-0.740983
-0.342616
0.293777
-1.336065
-0.109385
-0.001407
-0.386135
-0.275610
-0.925987
0.390546
-1.020022
-0.866781
-0.191834
-1.077746
0.236535
-0.415923
-0.702286
-0.634251
-1.272117
0.057589
-0.532453
-0.014186
-0.369239
-1.122641
0.174944
-0.794029
-0.062211
-0.348974
-0.772102
-0.158978
-0.510164
-0.022947
-0.903335
-0.400160
-0.016688
-0.771230
0.161183
-0.956502
-0.048251
-0.576571
-1.248242
0.520652
-1.117181
-0.266034
-0.543147
-0.445908
-0.115128
-0.999206
0.250136
-0.555568
-0.357254
0.215692
-1.357660
-0.270095
-0.252756
-0.426613
0.323164
-1.088808
-0.232073
-0.955006
-0.309860
-0.499814
-0.690514
0.372346
-0.537850
-0.590111
-0.325318
-0.985027
0.032920
-1.105565
-0.280552
-0.322774
-1.053451
0.128179
-1.370641
-0.178298
-0.605678
-0.788663
0.250932
-1.139437
0.175008
-0.561598
-0.046779
0.111279
-0.569732
0.277255
-0.913045
-0.188129
-0.679727
-0.792595
0.443783
-0.694857
-0.063597
-0.293254
-0.841065
-0.052531
-0.653787
0.209763
-0.266177
-0.981170
-0.430356
-1.335325
0.186172
-0.885510
-0.390960
0.157887
-0.822330
-0.433899
-1.184425
-0.572851
-0.385065
-0.691725
0.454476
-1.105650
-0.406441
-0.101268
-0.393688
0.247353
-1.043157
0.256848
-0.713524
-1.015048
0.060020
-0.565026
0.148070
-0.126814
-0.861495
-0.118400
-0.690901
0.415828
-0.605604
-0.183373
0.322962
-1.132012
0.516654
-0.705848
0.142927
-0.232070
-0.748134
0.538043
-0.536900
0.147811
-0.261093
-0.550997
0.568091
-0.449361
-0.233993
-0.113506
-0.504943
0.151312
-0.640559
0.300754
-0.318977
-0.703615
0.029694
-0.908962
-0.253647
-0.429482
0.031037
0.187317
-0.661156
0.012355
-0.701306
-0.109419
-0.166138
-0.703239
-0.266336
-0.793622
-0.559194
-0.243049
-0.615922
0.369375
-0.883835
-0.386920
-0.583289
-0.499599
-0.493894
-0.575816
-0.050377
-0.552453
-0.425997
-0.502627
-0.934029
-0.156050
-0.880026
-0.730368
-0.050983
-0.698996
0.407000
-0.773692
-0.181449
-0.422397
-0.177048
-0.384706
-1.319718
0.113162
-0.433675
-0.830033
-0.293114
-0.766728
0.470403
-0.415036
-0.459510
-0.170936
-0.514555
0.542734
-0.308359
0.108563
0.040565
-0.967151
0.135658
-1.117395
-0.188803
0.094260
-0.742053
0.457119
-0.417929
-0.374791
-0.529747
-0.313903
0.280006
-0.495102
-0.217098
-0.352247
-0.002925
-0.242816
-0.977156
0.140174
-0.670501
-0.211911
-0.494649
-0.847625
-0.040023
-0.659390
0.210177
-0.601018
-0.635276
0.450763
-1.262856
-0.218626
-0.744926
-0.487579
0.129473
-0.722328
0.096754
-1.014210
-0.449106
0.021245
-1.147548
-0.416136
-0.846243
-0.869076
0.277109
-0.745693
0.367600
-0.399576
0.185419
-0.595486
-0.824756
0.081778
-0.561131
0.010792
0.065953
-1.016902
-0.150528
-0.511770
-0.161596
-0.131494
-0.305026
-0.037077
-1.123987
0.493517
-1.030623
-0.056713
0.013721
-0.646486
0.514606
-1.073182
-0.508268
-0.559255
-1.097762
0.225043
-1.160278
-0.539711
-0.627979
-0.261321
-0.413323
-1.224374
-0.438589
-0.525908
-0.445610
0.428796
-1.299027
0.139528
-1.043276
-0.572714
-0.078208
-0.942958
-0.127442
-0.980858
0.078283
-0.119485
-1.134893
-0.365412
-0.881410
0.107530
-0.058298
-0.885457
0.583306
-1.336958
-0.068657
-0.742952
-0.472334
0.236583
-1.071263
0.389739
-0.426330
-0.668524
-0.492183
-0.623478
0.368272
-0.491347
-0.196258
0.257630
-1.034194
0.349390
-0.988821
0.061489
-0.579458
-0.681647
-0.352498
-1.254895
-0.470967
-0.655550
-1.036093
0.145714
-1.335917
0.361909
-0.085395
-0.996670
0.412356
-0.927928
-0.196168
-0.565912
-0.753585
-0.024864
-0.888809
0.405609
-0.331160
-0.264059
-0.144142
-0.571359
-0.175845
-1.072330
-0.032822
-0.317325
-1.191619
0.504339
-1.037645
-0.352886
-0.465098
-0.693197
-0.179239
-0.719981
0.170419
-0.670466
-0.697467
0.128571
-1.046660
-0.206104
-0.465695
-0.576026
-0.002049
-1.309440
0.444993
-0.460825
-0.105638
-0.490173
-0.573902
0.112174
-0.524614
-0.342019
-0.687641
-1.060917
0.051192
-0.509065
0.111789
-0.541981
-0.188705
0.416627
-0.653438
-0.091109
-0.830093
-0.834295
-0.622668
-1.342071
0.084162
-0.993850
-0.039648
0.051654
-0.765368
0.061538
-1.278079
-0.437284
-0.416020
-0.248908
-0.399997
-1.309554
-0.282806
-0.319513
-0.441480
-0.419986
-0.435416
0.414319
-0.986803
-0.446505
0.147857
-0.587670
-0.402966
-0.678594
-0.054149
0.017363
-0.378203
-0.304674
-0.548845
0.280001
-0.753990
-0.933397
-0.187849
-0.575441
-0.463580
-0.240966
-0.816997
-0.313090
-0.462171
0.286132
-1.017097
0.014589
0.270680
-1.038021
0.271827
-0.768366
-0.399770
-0.031567
-1.001651
0.200362
-1.183243
-0.625164
-0.433624
-1.104928
0.245229
-1.258146
0.288430
-0.361389
-0.923316
0.205150
-0.869991
-0.187297
-0.129763
-0.241860
-0.420223
-1.351926
0.079856
-0.790711
-0.666675
-0.193855
-1.186998
-0.094849
-0.852958
-0.742504
-0.118677
-1.146576
0.056021
-1.272140
0.151957
-0.113706
-0.487637
0.466847
-0.526763
-0.465011
-0.983656
-0.525675
-0.335693
-0.469118
-0.343639
-0.764875
-0.326291
0.029009
-0.664846
0.129462
-0.850570
0.031786
-0.148658
-0.379242
-0.179351
-0.547229
-0.292260
-0.473553
-1.110826
0.380800
-0.997854
0.188633
-0.053486
-0.244966
0.345088
-0.685454
0.160458
-0.597612
-0.341891
-0.072169
-0.800756
0.251196
-1.195381
-0.078252
-0.085862
-1.186649
-0.256189
-1.117304
0.070954
0.032690
-0.506595
-0.230616
-0.705888
-0.279287
-0.838233
-0.245773
-0.360927
-0.919096
-0.229338
-0.873233
-0.722359
0.115355
-0.443196
-0.213174
-0.683072
-0.099807
0.289870
-1.205055
-0.108498
-0.725690
-0.103448
0.104979
-1.039970
0.268072
-0.726953
0.204236
-0.086611
-0.399038
-0.414915
-0.803548
0.089877
-0.267045
-0.278346
-0.228517
-1.320234
0.426831
-0.980123
-0.743526
-0.249590
-0.922154
-0.031247
-0.609642
-0.689984
-0.400596
-0.431371
0.206526
-1.232283
0.139302
-0.105691
-0.809565
-0.060354
-0.990931
-0.286477
-0.387993
-1.026031
0.415192
-0.967687
0.406470
-0.438874
-0.505928
-0.102908
-1.087146
-0.196238
-0.978763
-0.257506
-0.384372
-1.199585
0.349312
-0.833030
-0.220619
-0.619076
-0.383062
-0.281246
-1.079413
-0.407723
-0.940951
-0.233460
-0.174394
-0.590255
0.150814
-0.385402
-0.834711
-0.497537
-0.430487
0.339955
-1.076998
-0.017035
-0.439197
-0.352991
0.133012
-0.618770
-0.282162
0.060141
-0.380514
0.305987
-0.951033
-0.434851
-0.061592
-1.017654
0.230293
-1.070099
-0.180529
-0.498266
-0.595568
0.127580
-0.679899
0.006877
-0.611679
-0.916700
-0.340667
-1.173578
0.283406
-0.813046
-0.554339
-0.073193
-1.081674
-0.051748
-0.822091
-0.240102
-0.511860
-1.157898
-0.332820
-0.575807
0.320324
-0.000964
-0.573033
-0.202060
-1.219751
-0.115531
-0.674706
-0.112825
0.108574
-0.593399
-0.034363
-1.084474
-0.407703
-0.582124
-0.725276
0.567562
-1.203935
0.162578
-0.652208
-0.439346
-0.101440
-0.976891
-0.136634
-0.411407
-0.389251
0.506911
-0.440116
-0.411166
-1.052392
-0.957080
0.355637
-0.490688
-0.395396
-0.770793
-0.694530
-0.426574
-0.568810
0.219686
-1.213021
-0.286536
-0.359398
-0.812921
0.195912
-0.520755
-0.065042
-0.697315
-0.369163
0.229217
-1.322624
0.434806
-0.555587
-0.668327
-0.154533
-0.466140
0.463646
-1.049549
-0.021677
0.266278
-1.173447
0.511435
-0.328444
-0.701074
0.094674
-0.332452
0.107728
-1.331702
-0.478292
-0.568161
-0.580870
-0.165244
-0.636476
-0.522215
-0.265755
-0.743816
0.385705
-1.114739
0.077944
-0.438414
-0.008930
0.049558
-0.741788
0.012203
-1.216220
0.161754
-0.321759
-0.400278
-0.300848
-1.048528
0.094484
-0.520445
-1.055943
0.315082
-0.991853
-0.585394
-0.245623
-0.244775
-0.451436
-0.512523
-0.323012
-0.433674
-0.861953
0.383154
-0.714521
0.434928
-0.914029
-0.330638
-0.491200
-0.518593
-0.180131
-1.173728
-0.295373
0.092437
-0.727094
0.055340
-0.499450
0.281118
-0.512848
-0.216304
-0.269195
-1.206248
-0.280597
-0.670558
-0.135470
0.115130
-1.029879
0.162273
-0.635376
-0.543804
-0.107467
-0.671139
-0.391978
-0.607035
-0.171288
-0.032531
-0.780747
0.494285
-1.094999
0.008753
-0.131345
-0.744019
0.361111
-1.208491
-0.233555
-0.653532
-0.456443
-0.304303
-1.156361
-0.450234
-0.975528
-0.549005
-0.362210
-0.994321
0.357149
-1.095103
-0.821156
-0.540513
-0.580558
0.130419
-0.789389
-0.459578
-0.586829
-0.700251
0.482443
-0.528442
-0.356937
-0.526515
-0.394845
0.013748
-1.306372
-0.036289
-0.131601
-0.129487
0.097895
-1.123801
-0.220395
-0.911884
-0.429968
-0.188107
-1.044648
0.183424
-0.410689
-0.233234
0.203500
-0.619138
0.238607
-0.371284
0.170286
-0.509821
-0.656909
-0.120867
-0.757280
0.212390
-0.166499
-0.519182
0.071558
-1.297371
0.497654
-0.828986
-0.346154
-0.565898
-0.578044
0.107740
-0.332976
-0.363492
0.057948
-1.162038
0.304233
-1.103834
-0.069480
-0.847410
-0.389334
0.045935
-0.862411
0.232165
-0.860713
-0.927136
0.289610
-0.474378
0.082082
-0.822183
-0.718736
-0.380891
-1.348005
-0.308531
-0.497467
-0.218453
-0.473646
-0.647568
0.539515
-0.524852
0.014944
-0.084597
-0.936028
0.231039
-1.218404
-0.502266
-0.159170
-0.274897
-0.140393
-1.017261
0.367573
-0.931019
-0.155594
-0.152132
-0.457511
0.546307
-0.632572
-0.169805
0.260615
-1.233042
-0.403069
-1.131675
-0.440348
-0.736636
-1.005835
-0.370862
-0.708703
-0.149576
-0.186257
-0.585269
-0.176172
-0.959192
-0.213762
-0.457542
-0.972538
-0.044527
-0.733752
0.411628
-0.825089
0.063283
-0.362777
-1.170304
-0.282245
-1.155935
-0.205819
-0.665708
-1.218324
-0.258775
-0.567310
0.322921
-0.598772
-0.439338
-0.282633
-0.820881
0.241998
-0.575938
-0.495114
-0.037950
-0.509469
-0.162351
-1.078068
-0.809174
0.172798
-1.030058
0.309980
-0.397105
-0.016630
-0.291477
-0.633257
-0.254762
-0.933226
0.232340
-0.471093
-0.734421
-0.374511
-0.447217
-0.024343
-0.820965
-1.066758
-0.125922
-1.286656
-0.175670
-0.966516
-0.753598
0.346187
-0.483186
0.233067
-0.702200
-0.523082
-0.087679
-0.547125
-0.012231
-0.570383
-0.200780
-0.027809
-0.826062
-0.030922
-0.798041
0.212334
-0.831965
-0.468920
-0.222615
-1.387502
-0.483934
-0.302339
-1.006438
0.456518
-1.100636
-0.284082
-1.115871
-0.289171
-0.327846
-1.004349
0.329800
-0.718982
-0.541584
-0.079298
-1.094639
0.335838
-1.334160
0.098278
-0.318200
-0.815386
0.054033
-1.300735
-0.425251
-0.059459
-0.635068
0.205490
-0.631086
0.051970
-0.718244
0.022724
-0.041157
-0.940421
0.297074
-0.644932
-0.425990
-0.671227
-0.576818
0.045099
-0.665411
-0.676327
-0.005235
-0.854593
0.153788
-1.317115
-0.558136
-0.168940
-0.342081
-0.426542
-0.859275
-0.170443
-0.643146
-0.989593
-0.128409
-0.827078
0.513539
-0.316718
-0.623575
0.071215
-0.947345
0.247100
-0.579568
0.185007
-0.678801
-0.848185
0.107050
-0.858379
-0.189572
-0.637514
-0.229435
-0.356685
-1.101715
0.221384
-0.556543
-0.192393
0.291968
-0.888641
0.181974
-0.555711
-0.377838
-0.434374
-0.438980
0.564499
-1.061478
-0.450850
-0.188450
-1.156691
-0.187939
-0.543788
0.195085
-0.242154
-0.765718
0.141673
-0.838896
-0.026602
0.006098
-1.035297
-0.456173
-0.967439
-0.153826
-0.140386
-0.447741
0.038867
-0.657260
0.572397
-0.750833
-0.307419
-0.183871
-1.216689
-0.276167
-1.266701
-0.422762
-0.761091
-1.221218
0.064871
-0.982227
-0.033943
-0.319867
-0.531007
-0.111953
-0.913397
-0.283346
-0.278852
-0.956116
0.220559
-1.064148
-0.387438
-0.367948
-0.522349
-0.166078
-1.204393
-0.073817
-0.287303
0.007945
-0.716517
-0.280627
-0.175903
-0.777511
-0.134689
-0.560296
-0.469870
0.096927
-0.770930
0.225069
-0.469516
-0.950565
-0.369430
-1.277430
0.272859
-0.406002
-0.452080
-0.397575
-0.402193
-0.145453
-0.991177
-0.065134
-0.135432
-0.987395
0.146554
-0.389529
0.127053
-0.164668
-0.932411
0.365923
-0.938466
-0.231038
-0.202054
-0.417860
0.420286
-1.120714
-0.459190
-0.504326
-0.147444
0.064323
-1.017531
-0.040288
-0.483521
-0.329128
-0.185305
-0.858518
-0.148163
-0.342357
-0.027828
-0.596258
-1.006859
0.530120
-0.431669
0.233404
-0.685282
-0.645995
0.309677
-1.346845
-0.320869
-1.023877
-0.165355
0.083498
-1.013620
0.195160
-0.887541
-0.595403
0.263283
-1.029371
0.489188
-0.557622
0.208385
-0.513740
-1.163661
0.291859
-0.596430
-0.019190
-0.734322
-1.160821
0.136791
-0.550019
-0.301075
-0.215254
-0.264446
-0.344987
-0.755829
-0.406452
-0.496512
-0.508890
-0.510297
-0.530246
0.052708
-0.313112
-0.330288
0.113297
-0.726759
0.361814
-1.213836
-0.182985
-0.774345
-1.193747
-0.214417
-1.347697
-0.289625
-0.665388
-0.359368
-0.457194
-0.468554
0.425258
-1.072722
-0.455462
0.169715
-1.112087
-0.094051
-0.691982
-0.399281
0.282572
-0.746314
-0.308824
-0.931270
-0.028383
0.115070
-0.397644
0.207645
-0.985485
0.091318
-0.747081
-0.984590
0.343308
-0.718683
-0.269162
-0.251545
-0.117574
-0.273994
-1.299888
-0.220405
-1.186510
-0.759193
-0.500084
-0.443915
-0.242998
-0.628984
-0.100805
-0.340442
-0.288817
-0.225781
-0.493271
0.323498
-0.139717
-0.218360
-0.109413
-0.955967
0.352690
-0.852204
-0.992910
-0.245009
-0.534874
-0.196729
-0.735095
-0.254345
0.327623
-0.717140
0.079580
-0.427384
0.125287
-0.146060
-1.256625
0.518427
-0.636966
-0.476252
-0.032235
-0.349099
0.420971
-0.914772
-0.271706
-0.155116
-0.444122
-0.336089
-0.615598
-0.064910
-1.009120
-0.848752
0.273635
-0.394735
-0.124299
-0.316497
-0.581992
-0.526682
-1.161131
0.269885
-0.485960
-0.605317
-0.493074
-0.925495
0.516452
-1.138045
0.304080
0.031902
-0.980576
0.132963
-1.232969
0.476941
-0.617204
-0.996513
-0.094934
-0.647640
0.410916
-1.092173
0.014120
-0.015769
-0.839767
0.593916
-0.537936
-0.392776
0.213865
-1.228048
-0.142257
-1.121662
-0.425019
-0.470968
-0.268079
-0.412599
-0.864150
-0.305197
-0.683203
-0.592326
-0.055426
-1.153119
-0.017178
-0.541465
-0.082976
-0.007075
-0.777427
-0.114714
-0.640997
-0.755979
-0.688065
-0.838944
-0.268495
-0.405642
-0.574291
-0.214967
-0.280896
0.413998
-0.389469
0.350777
-0.101280
-0.835334
-0.341971
-1.310284
0.212609
-1.064685
-0.846665
-0.356996
-1.108203
0.046781
-0.546515
-0.105918
0.026193
-1.211623
-0.060407
-0.761696
0.009457
0.116388
-0.395558
-0.082373
-0.409840
0.291982
-0.149202
-1.039331
0.352212
-0.512113
0.235432
-0.329715
-0.282671
0.188892
-0.737680
0.178583
-0.199527
-0.081843
0.057249
-0.669625
0.442387
-0.462809
0.146697
-0.651091
-0.981871
0.167209
-0.510532
-0.626000
-0.211953
-0.987278
0.110704
-0.990358
-0.414959
-0.629924
-0.317400
-0.436953
-1.111947
0.076630
-0.981713
-0.822598
-0.192375
-0.459203
0.433149
-1.112429
-0.153969
-0.230201
-0.542737
0.226168
-1.043726
-0.205101
-0.550121
-1.070543
-0.141668
-1.185144
-0.303854
-0.410728
-0.321584
-0.385444
-0.820718
-0.014643
-0.827322
-0.833838
0.289578
-0.980617
0.112880
-0.624987
-0.359899
0.133502
-1.196313
0.245366
-0.393989
-0.160570
-0.259573
-0.480020
0.276183
-1.183780
-0.334647
-0.494398
-0.318646
0.087524
-0.488121
-0.379059
-0.384013
-0.814386
-0.221242
-0.446622
0.337408
-1.095879
-0.834300
-0.294322
-0.793252
-0.072707
-0.801529
-0.330394
-0.038558
-1.254523
-0.388344
-1.151967
0.208624
-0.752154
-0.322976
0.313056
-0.700584
-0.126642
-0.511995
-0.669110
0.077453
-0.620656
0.379708
-0.746589
-0.596036
0.134731
-0.838589
-0.394592
-0.317011
0.056471
0.233156
-0.588523
0.540262
-1.332808
-0.602492
-0.359612
-0.874755
0.122238
-0.471719
-0.495560
-0.419434
-0.163752
-0.218558
-0.994806
-0.397031
-0.996099
-0.805615
0.196998
-0.861092
0.259023
-1.069248
-0.726008
-0.229025
-0.337520
0.114384
-0.529934
0.025293
-0.769900
-0.443739
0.257476
-0.483657
0.164961
-0.558849
-0.304468
0.298073
-0.949964
-0.174393
-0.977638
-0.012365
-0.303120
-1.231964
0.130712
-1.019894
-0.452798
0.324932
-1.099677
0.140019
-1.154029
-0.729437
-0.706267
-0.460910
-0.231637
-1.185772
-0.360322
-0.736614
-0.487800
-0.391814
-0.499179
0.198182
-0.180546
-0.486453
0.102429
-0.789607
0.497900
-0.707402
-0.554479
-0.208884
-0.594754
0.053336
-0.858579
-0.781611
-0.104218
-0.336814
-0.221829
-1.288663
0.268435
-0.428086
-0.617920
-0.359317
-0.939231
0.093539
-0.107337
-0.474596
0.336762
-1.251660
0.307647
-0.605567
-0.767380
0.103115
-1.145753
-0.371300
-0.980444
0.014266
-0.028260
-1.130550
-0.106151
-1.287593
-0.111389
-0.746559
-0.753503
0.579241
-1.298389
-0.482206
0.014664
-0.881329
-0.304926
-0.505525
0.180250
-0.323764
-0.049522
-0.415956
-0.989004
0.405641
-0.443543
-0.654558
0.343045
-0.818671
0.328789
-1.097659
-0.542352
0.197884
-1.034894
0.044262
-0.541333
0.266427
-0.253703
-1.063933
0.477296
-1.152948
-0.354634
-0.621160
-0.818498
-0.265090
-0.877397
-0.260647
-0.651748
-0.245310
-0.522956
-1.184476
0.016375
-1.209782
-0.484209
0.101821
-0.413116
-0.348068
-1.284368
0.210212
-0.273278
-0.424889
-0.361153
-0.597331
0.190693
-0.683117
-0.856837
0.078381
-1.200696
0.408299
-0.440045
-0.847348
-0.449968
-0.533063
0.108110
-0.865543
-0.740603
-0.636601
-0.774221
0.194637
-0.586744
-0.069169
-0.035451
-1.089648
0.270272
-1.289869
0.387658
-0.370565
-0.999087
-0.430742
-0.948979
0.217279
-0.256513
-0.494853
-0.036995
-0.824611
0.384519
-0.446792
-0.748587
-0.627076
-0.721289
0.400281
-1.147724
0.001910
-0.117893
-0.605580
-0.296565
-0.611966
0.087368
-0.238160
-0.833815
-0.000893
-1.095182
-0.413433
-0.435456
-0.069741
-0.315340
-0.821837
0.102866
-0.819722
-0.315608
-0.602861
-1.315440
0.013324
-0.734992
-0.236251
0.263203
-0.959477
-0.103352
-1.216998
-0.306304
0.068862
-0.286062
0.072284
-0.710924
0.013716
-0.820325
-0.311297
-0.169202
-0.516968
-0.030637
-0.457475
-0.641851
0.168897
-0.609307
0.499303
-0.497893
0.132863
-0.189809
-1.043084
-0.099868
-1.210230
-0.417973
-0.460879
-0.716218
0.396272
-0.467331
-0.077561
-0.790885
-0.931871
0.171433
-0.885815
-0.373387
-0.515474
-0.998293
0.258778
-1.260561
-0.256142
-0.605448
-0.432160
-0.583971
-1.318902
-0.300722
-0.899099
0.023122
0.104901
-0.965793
0.092307
-0.515693
0.173914
-0.118108
-1.032085
0.462187
-1.323932
-0.037156
-0.598907
-0.172532
-0.116495
-0.450516
-0.420259
-0.553627
-0.342153
-0.062787
-0.640030
-0.272186
-0.698332
-0.265108
-0.458216
-0.563505
-0.290858
-0.621974
0.132738
-0.716216
-0.392077
-0.240033
-0.474784
0.130467
-0.492815
-0.686324
0.043849
-1.102917
-0.285631
-0.442658
-0.764761
-0.314813
-1.218229
0.212934
-1.084365
-0.277254
-0.104817
-1.152706
-0.243887
-1.151764
0.012443
0.070554
-0.943295
-0.136639
-0.964745
-0.026086
-0.927784
-0.616829
-0.182046
-0.583674
0.156556
-0.974929
-1.008511
0.024892
-0.603277
0.061139
-0.214329
-0.561867
0.147399
-1.182800
0.584387
-0.290616
-0.324523
-0.618870
-0.643709
0.158201
-0.649568
-0.419042
-0.161796
-0.310015
-0.072282
-0.937201
0.216322
-0.360414
-0.318752
-0.360401
-1.160557
0.296606
-0.482458
-0.405714
-0.043745
-1.038938
0.204793
-0.689482
0.102060
-0.323913
-1.237402
0.467435
-0.617361
0.190176
-0.821779
-0.502389
0.425906
-0.927986
0.296356
-0.504753
-1.073672
0.075889
-0.707816
0.283316
-0.688513
-0.904170
-0.359102
-1.210621
0.312010
-0.274846
-0.513594
0.284257
-0.626347
0.590945
-0.826231
-0.442192
-0.493480
-1.140816
0.417591
-1.161601
-0.089335
-0.047411
-1.055431
-0.240657
-0.645864
-0.387631
-0.143817
-0.404803
0.027536
-0.606288
-0.347101
-0.599002
-0.532880
0.134297
-0.998548
0.367519
-0.443104
-0.184599
0.171909
-0.697151
0.107655
-1.095115
-0.083444
-0.685941
-0.920767
-0.411130
-0.915980
0.041513
-0.896745
-0.743342
0.267962
-0.760145
-0.247626
-0.292663
-0.063955
0.349870
-0.393348
0.377661
-0.692133
-0.249747
-0.154016
-0.648322
-0.269038
-0.418461
-0.233880
-0.373959
-0.520392
-0.150621
-1.340235
0.069106
-0.134682
-0.536507
0.403118
-1.002151
0.296317
-0.971999
-0.537396
-0.324845
-0.668932
0.142446
-0.665150
-0.343582
-0.484856
-0.560908
-0.049244
-1.253565
0.016825
-0.488038
-0.395315
-0.126029
-0.507956
-0.173967
-0.001909
-0.138296
-0.126365
-1.024420
-0.022697
-1.047490
-0.359926
-0.019748
-0.737223
0.067835
-1.109090
-0.336626
0.254935
-0.495657
0.280287
-0.955668
-0.647489
-0.373593
-0.379310
0.254471
-0.470592
-0.534747
-0.473645
-0.936470
-0.289747
-1.244663
0.031227
-1.029822
-0.615686
-0.088649
-0.977862
-0.074482
-0.732106
-0.167422
0.144494
-0.467877
0.370517
-0.852606
-0.371599
-0.292055
-0.393887
0.099030
-0.360229
0.141159
-0.502959
-0.549428
-0.288129
-0.932118
-0.505460
-0.954308
-0.981614
0.453103
-1.273086
0.063488
-0.937682
-0.686989
0.113677
-0.644917
-0.140232
-1.098943
-0.676218
0.014787
-0.821582
0.178680
-0.857369
-0.449262
-0.334602
-1.006296
0.247424
-0.476362
0.076983
-0.373980
-0.738674
0.182840
-1.021453
0.247904
-0.767283
-0.494509
-0.340999
-1.031594
0.113614
-0.875416
-0.581054
0.029817
-0.494834
0.070175
-0.330357
-0.208182
-0.559648
-1.036708
0.259995
-0.989271
0.307465
-0.728754
-0.227262
-0.051319
-0.965857
-0.106153
-0.402335
-0.963467
-0.194406
-1.099434
0.205650
-0.438207
0.020170
-0.572372
-0.903395
-0.161689
-0.704029
-0.128407
-0.118592
-1.199559
0.575901
-0.431177
0.110333
-0.025223
-0.830523
0.306374
-1.015070
0.027362
-0.017165
-1.059082
0.467272
-0.493735
-0.269107
-0.214269
-0.669251
0.059921
-1.058899
0.504985
-0.500451
-0.195998
-0.461529
-0.942984
-0.047198
-1.146073
-0.287566
0.004043
-0.827239
0.557711
-0.894516
-0.570527
-0.869325
-0.679994
0.464406
-0.547625
-0.215702
-0.766775
-0.426220
0.112475
-0.498277
0.119036
-0.499379
-0.033608
-0.185373
-0.451415
0.341034
-0.527785
-0.218556
-0.702731
-0.588950
-0.151877
-0.652120
0.278875
-0.261986
-1.116026
-0.368592
-1.337391
0.343703
-0.540513
-1.024755
-0.162674
-0.885131
-0.350997
-0.347763
-0.484003
0.344846
-1.276576
0.334642
-0.718495
-0.048154
-0.088903
-1.208631
0.032198
-0.854026
-0.113962
-0.525465
-0.982548
-0.115332
-0.525680
-0.267774
0.008928
-0.981603
0.509314
-0.496238
0.275121
-1.060956
0.010931
0.232649
-0.455746
0.046981
-0.388982
-0.561154
0.294810
-0.388187
-0.321906
-0.893887
0.184413
-0.643805
-1.078755
0.015238
-0.462101
0.207616
-0.420829
-0.791321
-0.180277
-1.323425
0.172708
-0.563445
-0.623768
-0.009693
-0.590094
-0.052431
-0.544037
-0.083425
-0.359305
-0.951867
0.444528
-1.021513
-0.546319
0.003957
-0.540712
-0.368160
-1.310575
0.083419
0.076569
-1.049226
-0.311841
-0.526854
-0.237369
-0.735239
-0.756732
-0.311302
-1.301722
0.365507
-0.607683
-0.545318
0.285586
-1.148104
0.476653
-0.975278
-0.041889
-0.038670
-0.636909
-0.006188
-0.853593
0.283793
-0.064261
-0.878656
-0.211287
-0.392233
-0.457220
-0.038749
-1.064478
-0.338561
-0.739375
-0.469217
-0.841994
-0.175496
0.298882
-0.817872
-0.334180
-1.054697
-0.071947
-0.502903
-0.337422
-0.092616
-0.752894
0.175880
-0.286001
-0.795784
-0.250064
-1.098023
-0.459210
-0.114367
-0.465668
0.153354
-0.619210
-0.040457
-0.125885
-0.015548
-0.089379
-1.341993
0.508101
-0.706567
-0.683240
-0.041872
-0.858757
0.063675
-0.890484
-0.387014
-0.738980
-0.790874
0.125440
-0.564291
0.035512
-0.379024
-1.073688
-0.218735
-0.990978
0.095948
-0.359124
-0.486198
0.386122
-0.592442
-0.057512
-0.584572
-0.502448
-0.433182
-1.338178
-0.042922
-1.085800
-0.311688
-0.310103
-1.186927
0.561490
-0.724825
0.051173
-0.403432
-1.130775
-0.312861
-0.572092
-0.452304
-0.390444
-0.750777
0.412666
-1.138983
0.388873
-0.115195
-0.482040
-0.307118
-0.757771
-0.264616
-0.390135
-0.314463
0.275981
-1.095905
-0.312019
-0.931122
-0.301408
-0.695436
-0.493620
0.162140
-0.777247
-0.428509
-0.252141
-0.577252
0.312847
-0.989606
-0.491233
-0.218474
-0.487559
0.280017
-0.429677
-0.315617
-1.023438
-0.019738
-0.265160
-1.317560
0.453976
-0.420292
-0.451856
-0.288538
-1.251149
-0.274829
-0.356352
0.354088
-0.537736
-1.085189
-0.078366
-0.626975
-0.325013
-0.916551
-0.710032
0.285967
-1.119177
-0.419136
-0.796278
-0.869732
-0.165165
-1.000679
0.497202
-0.289768
-0.604833
0.142376
-1.214641
-0.048519
-0.608827
-0.199864
-0.472203
-0.624512
-0.093689
-0.705700
-0.495626
-0.631508
-0.284694
-0.422691
-1.061476
-0.303774
-0.962017
-0.264205
0.364272
-1.025570
0.395783
-0.942550
-0.682457
-0.590317
-1.009969
0.108285
-1.164683
0.052509
0.062408
-1.187091
0.312103
-1.312538
0.330469
-0.129851
-0.722591
0.187846
-1.118353
0.294635
-0.837174
-0.397176
-0.067691
-1.091713
0.533690
-0.905032
-0.517172
-0.338308
-0.891823
0.109719
-1.275583
-0.354766
0.099448
-0.446071
0.269855
-1.336347
0.292835
0.092926
-0.644918
-0.373160
-0.642394
-0.126922
-0.904778
-0.575529
-0.051205
-1.348434
-0.162357
-0.278756
-0.224031
-0.037099
-0.697308
0.524198
-1.071292
-0.649210
-0.492622
-1.146885
0.025517
-0.741243
-0.205291
0.027612
-1.101219
0.045611
-1.108789
0.415626
-0.687090
-0.143138
0.508592
-1.178316
0.468426
-0.590426
-0.675881
0.121087
-0.455904
-0.004127
-1.051203
-0.450004
-0.219444
-0.861868
-0.141737
-1.148089
-0.671360
0.115798
-1.143533
-0.193276
-1.303515
-0.261002
-0.567434
-0.639570
0.463984
-0.561364
-0.122550
-1.037706
-0.700928
0.112067
-1.381005
0.174345
-0.583686
-0.875221
0.185545
-0.798300
0.123260
-1.163382
-0.504466
-0.317305
-0.733811
0.011513
-0.520634
-0.624064
-0.017273
-1.079263
-0.273445
-0.476460
-0.507901
-0.761465
-0.915014
-0.423131
-0.796601
0.060560
-0.567627
-0.396101
-0.257156
-0.403382
0.151592
-0.595076
-0.175565
-0.154481
-1.030043
-0.179486
-0.761134
-0.564630
-0.083826
-1.107604
-0.201511
-1.369921
-0.007540
-0.221912
-0.662652
-0.098833
-0.630041
-0.161306
-0.632161
-0.027932
-0.342676
-0.878634
-0.212873
-0.854423
-0.244700
0.123682
-0.442196
-0.225301
-0.977014
-0.471782
-0.673798
-0.345097
0.482532
-0.619457
-0.124454
-0.774743
-0.160553
-0.419336
-1.128014
0.245007
-0.927374
-0.514740
0.218524
-0.693850
-0.174301
-0.996712
-0.795534
-0.614789
-0.841080
0.161212
-0.315744
-0.011048
-0.702041
-1.094950
-0.298278
-0.700053
0.357890
0.092649
-0.342283
-0.120395
-1.166957
0.439457
-0.809940
-0.929744
0.208314
-0.708537
-0.161494
-0.457131
-0.191399
-0.045823
-0.925349
0.466622
-1.197529
-0.591114
-0.152256
-0.981170
-0.008054
-0.679205
-0.316125
0.044867
-0.987759
-0.105350
-0.747804
-0.272458
-0.486850
-0.350365
0.456856
-0.913030
0.260885
-0.339457
-0.157913
0.389051
-0.638587
-0.391337
-1.137397
-0.373248
0.033321
-0.947249
-0.243350
-0.862653
0.234461
-0.213773
-0.915739
-0.413665
-0.574971
0.307099
-0.622025
-0.944675
0.094169
-0.726793
-0.410443
-0.293985
-0.017400
0.185223
-1.325392
0.058090
-0.717695
-0.871427
0.334650
-1.139894
0.378022
-0.496263
-0.578173
-0.245143
-0.453963
-0.148367
-0.371690
-0.091517
-0.262452
-1.032007
0.544580
-0.815813
0.209734
-0.715569
-0.474837
0.023106
-1.182621
0.446116
-0.426427
-0.152019
-0.036956
-0.550114
0.139386
-0.691296
-0.249220
-0.110993
-1.242574
-0.387137
-0.713819
-0.628125
-0.632988
-0.805598
0.402148
-0.992778
0.366573
-0.338325
-0.445468
0.424276
-1.213917
-0.189338
-1.061725
-0.793866
0.290007
-0.590593
0.067073
-0.781505
-0.510503
0.017686
-0.983772
-0.349898
-0.838888
0.206769
0.054955
-1.219242
0.064890
-0.964340
0.044829
-0.404834
-0.713164
-0.202691
-0.821603
0.143191
-0.408648
-0.604753
-0.506086
-0.801035
-0.380750
-0.504076
-0.379692
-0.405039
-0.376520
0.147489
-0.871882
0.086119
-0.427642
-0.371203
-0.128172
-0.691431
-0.024424
-0.278738
-0.458331
-0.364541
-0.859789
0.052113
-0.928155
-1.040299
0.476147
-0.657485
0.097831
-0.741842
0.076214
-0.480016
-1.311914
0.252953
-0.721683
-0.702368
-0.473030
-0.711828
0.373341
-0.584104
0.162897
-0.109095
-0.906451
-0.182432
-0.804586
0.083193
-0.840106
-0.237121
-0.178817
-0.648610
0.002704
-1.091107
-0.137722
-0.561893
-0.777612
0.510624
-1.198838
-0.244522
-0.013589
-0.749416
-0.399329
-0.641909
-0.001971
-0.756234
-0.908730
-0.174223
-1.228667
-0.006726
-0.113161
-0.217052
-0.124507
-0.738909
0.163175
-0.431280
-0.106681
-0.297878
-1.107059
-0.384469
-1.087489
-0.288850
0.156587
-0.767913
0.208948
-0.654089
-0.157212
-0.553160
-0.709889
0.211174
-0.550955
-0.394417
-0.704995
-0.367323
0.462464
-0.494783
0.331908
-0.790598
-0.914447
-0.508358
-0.571493
0.515341
-0.230201
-0.759651
0.020224
-0.780308
0.394452
-0.723344
0.037406
-0.637515
-0.717237
0.529709
-0.657730
-0.280920
-0.344078
-0.918653
-0.408438
-1.282894
-0.054554
-0.404757
-0.376123
-0.176062
-0.583260
0.437428
-0.997308
-0.245408
0.237871
-0.404033
0.540486
-0.273194
0.144512
0.102305
-0.406286
0.501349
-0.361860
-0.158638
-0.323909
-0.487215
-0.332537
-1.056558
0.250274
-0.276843
-0.888613
0.058891
-1.346409
0.256609
-0.260046
-0.940227
0.317280
-1.073585
0.217321
-0.611302
-0.252661
-0.176235
-0.857024
0.338936
-1.094574
-0.446597
-0.049553
-1.120543
-0.152557
-0.658301
0.310791
-0.725555
-0.574029
0.447743
-0.672008
-0.442497
-0.383765
-0.250026
-0.110624
-0.907668
0.016065
-0.503994
-0.912470
-0.086516
-0.960685
0.412862
-0.663605
-0.527852
-0.585589
-1.055735
0.440645
-0.569599
0.047724
-0.522212
-0.700570
0.479738
-0.750408
-0.332891
-0.927195
-0.207407
0.438281
-0.400494
-0.414434
-0.589635
-0.077405
0.208818
-0.770781
0.115314
-0.637797
-0.824542
-0.659003
-1.270192
0.258505
-1.275968
-0.129320
-0.747089
-0.382945
-0.243466
-1.044987
0.406439
-0.526229
-0.966144
0.303210
-1.267152
0.000923
-0.797606
-0.972836
-0.405888
-0.889494
-0.337737
-1.165722
-0.454269
-0.548489
-1.263329
0.545000
-0.298802
0.118006
-0.210196
-0.749974
0.047454
-0.787984
-0.079981
-0.389409
-0.946593
0.142883
-1.306541
-0.238266
-0.584316
-0.795529
0.105209
-0.952062
0.221160
-0.365660
-0.712586
0.197872
-1.078057
0.075181
-0.411800
-0.368431
0.260860
-0.359017
0.045652
-0.924741
-0.627846
-0.323468
-0.849682
-0.400043
-0.987054
0.357326
-0.436368
-0.244082
-0.001158
-1.300444
-0.114982
-0.401602
-0.282256
-0.126229
-1.378532
-0.290095
-0.518318
-0.216502
-0.108767
-0.945642
0.004883
-0.525829
-0.520419
-0.118040
-0.970520
-0.382747
-1.256508
-0.334717
0.031249
-0.572697
0.206936
-1.385245
-0.406907
-1.042956
-0.970752
-0.050332
-0.444638
0.155164
-0.846811
-0.448893
0.044499
-0.644987
-0.261591
-0.910642
-0.598736
-0.624497
-0.767253
0.450200
-0.594232
-0.547057
-0.662071
-1.006499
0.425967
-0.970300
0.330852
-0.888769
-0.598610
0.462834
-0.997679
-0.024456
-0.614553
-0.854519
-0.165802
-0.734798
-0.312105
-0.773363
-0.669657
-0.681530
-1.227707
0.063345
-0.861738
0.096418
-0.687392
-0.593305
-0.287601
-1.067714
0.199374
-0.341164
-0.922036
0.034669
-0.672321
-0.065616
-0.425646
-0.371091
0.259412
-0.833474
0.316609
-0.935729
-0.313858
-0.547641
-0.608694
-0.341363
-1.106615
-0.547181
-0.120987
-0.938625
0.228942
-0.560670
-0.245241
-0.225711
-0.859204
0.359438
-0.917943
-0.057361
-0.634039
-0.391049
0.218585
-1.193685
-0.169942
-0.255815
-0.162154
0.347554
-1.004647
0.001103
-0.696398
-0.572794
0.183297
-0.946336
0.058742
-0.883781
-0.165046
-0.716540
-0.642331
0.227213
-1.051529
-0.307951
-0.055589
-0.068189
-0.480102
-1.075032
0.248989
-0.843963
-0.779411
-0.425018
-0.614681
0.171916
-0.452850
-0.280661
0.053484
-1.232327
0.043343
-0.839969
-0.605182
-0.067012
-0.308877
0.225060
-0.421387
0.291569
-0.007547
-0.667206
-0.162658
-0.956697
0.134728
-0.258770
-0.854262
0.378561
-1.305417
-0.333390
-0.286131
-0.728778
-0.274954
-0.685676
0.014310
-0.758800
0.116584
-0.645155
-1.106822
0.213234
-0.695832
0.321545
-0.245998
-1.014407
-0.051983
-0.639831
0.407795
-0.760994
-0.600317
0.330100
-1.228458
-0.045604
-0.889439
-0.394296
0.187554
-0.437950
-0.064163
-0.339547
0.113014
-0.353872
-1.239514
0.394158
-0.835856
-0.185569
-0.458065
-0.238770
0.554525
-1.129286
-0.428583
-0.896435
-0.161695
0.264133
-1.349101
0.135181
-0.254897
-0.464942
-0.260678
-0.560479
0.359425
-0.497753
-0.114984
0.206260
-1.152920
0.575403
-0.919318
0.314190
0.031786
-0.453527
0.501301
-0.636774
-0.390278
-0.024443
-0.547217
0.203446
-0.994122
0.513172
-0.489069
-0.564417
-0.320718
-0.656364
0.115601
-1.078887
-0.335530
-0.099993
-0.592266
-0.003374
-1.269351
-0.625703
-0.608595
-0.429897
0.426059
-0.493586
0.151216
0.046274
-0.280139
-0.301637
-0.428188
0.240840
-0.155262
-0.112474
-0.052211
-1.304585
0.425331
-1.151731
-0.104359
-0.378899
-1.321819
-0.004527
-0.616132
-0.470172
-0.645142
-1.067139
0.018227
-0.733865
0.161734
-0.740543
-1.154500
0.391297
-1.154049
-0.307777
-0.382699
-0.973675
-0.412785
-1.005703
-0.384541
-0.197514
-0.371240
-0.568721
-0.670070
0.058855
-0.317927
-0.606925
-0.170396
-0.502187
-0.178823
-1.006021
-0.601564
-0.606267
-0.480629
0.308979
-0.858007
0.291324
-0.044350
-0.144420
-0.012935
-0.666731
-0.366527
-0.621144
-0.400295
-0.225146
-0.667648
-0.206550
-0.795266
-0.023773
-0.078707
-0.828391
0.365769
-1.154342
-0.169908
-0.349002
-0.615491
0.061694
-0.725924
-0.411064
-0.667316
-0.266742
0.049403
-1.057534
-0.383838
-0.831285
-0.934183
0.101912
-1.299019
-0.416297
-0.594779
-0.315216
0.106902
-0.644589
-0.347458
-0.966186
-0.697409
0.000684
-0.739374
0.074622
-0.776270
-0.489247
0.079767
-0.827798
-0.144655
-0.877941
0.278493
-0.104206
-0.061972
-0.058824
-1.289499
-0.186444
-0.830122
-0.304036
0.000066
-0.927374
0.450031
-0.570822
-0.710146
0.226386
-0.596738
0.274914
-0.820079
-0.210349
-0.475258
-0.637653
0.350157
-0.954229
-0.219902
-0.675368
-0.184288
0.433461
-0.948735
0.413897
-0.848011
-0.218292
-0.168581
-1.308261
0.253939
-0.826968
-0.310465
0.098026
-0.662022
0.446473
-0.910386
-0.434787
-0.525561
-0.980392
0.543932
-1.005694
-0.379213
-0.279588
-1.092813
0.267220
-1.278592
-0.078922
-0.770455
-0.114105
0.310636
-0.749427
-0.227248
-0.425891
-0.319268
0.013986
-0.695299
0.421622
-0.877076
-0.691592
0.129192
-1.189806
0.048746
-0.934440
0.237021
-0.779698
-0.905301
-0.174410
-1.002283
0.024406
-0.498823
-0.704116
0.407349
-0.652273
-0.440876
-0.189987
-0.449036
-0.475388
-0.982342
0.365857
-1.226173
-0.556429
-0.308155
-1.063067
0.597526
-0.358655
0.230370
-0.203315
-0.407185
-0.119997
-0.676463
0.139047
-0.595914
-0.932436
-0.365734
-1.143018
-0.193735
-0.724673
-0.442372
0.099480
-0.439025
-0.364766
-1.201024
0.024903
0.116585
-1.290535
0.421979
-1.036806
-0.538791
-0.604980
-1.191019
-0.215408
-0.931387
-0.124411
-0.505218
-0.695932
-0.016531
-1.063504
-0.410120
-0.823700
-0.369212
0.257237
-0.443735
-0.402911
-0.227408
-0.812813
-0.355923
-1.104469
0.051414
-0.471042
0.167260
-0.371739
-0.402507
0.533553
-1.099990
0.042847
0.076638
-1.095382
0.505016
-1.249949
-0.245119
-0.029985
-0.711163
0.212160
-0.928641
0.326433
-0.988261
-0.009195
-0.492955
-1.111832
-0.247552
-0.498820
-0.739358
-0.615833
-0.511406
-0.386913
-1.159862
-0.587912
-0.596883
-0.578634
0.467773
-1.211172
-0.533361
-0.220805
-0.982379
-0.203665
-0.962087
-0.387360
-0.752649
-0.582057
-0.341777
-0.736541
-0.035620
-0.649299
-0.467842
0.169403
-0.971526
0.130963
-0.544128
-0.237385
-0.025446
-0.311783
-0.186635
-0.534772
-0.552883
-0.924742
-0.283795
-0.246186
-1.301312
-0.391572
-0.224767
-0.019291
-0.258893
-0.517222
0.322108
-0.793449
-0.724272
-0.449937
-0.864158
0.111978
-0.704717
-0.033723
-0.608650
-0.307067
-0.115694
-0.829633
0.191071
-0.253560
-1.116078
0.145939
-1.278738
0.313695
-0.509788
-0.711220
0.167617
-0.836925
-0.093163
-0.620633
-0.147176
-0.150323
-0.725676
0.213396
-0.806241
0.130629
-0.228331
-1.093836
-0.082960
-0.683803
-0.264390
-0.052577
-1.042046
0.557636
-0.867843
-0.233712
-0.035461
-0.288337
0.366368
-0.628524
-0.023534
-0.203277
-0.607612
-0.006707
-0.628371
0.459014
-0.314256
-0.404256
-0.244208
-1.056104
0.562180
-1.095699
0.020632
-0.208031
-0.402439
-0.236025
-0.847361
-0.256068
-0.556521
-0.292469
0.526712
-0.609570
0.144039
-0.915243
-0.237727
-0.379922
-0.908061
0.289004
-0.220405
-0.545119
-0.149440
-0.927310
-0.159497
-0.429752
0.238157
0.228085
-0.537499
0.491239
-0.929298
-0.453003
-0.731163
-0.784563
-0.049686
-0.498322
0.462601
-0.796030
-0.980235
0.003964
-0.826360
0.006028
-0.792927
-0.363754
-0.359354
-1.362377
0.306338
-1.233682
-0.627141
-0.526189
-0.554409
-0.267679
-0.802490
-0.424501
-0.300407
-0.432243
-0.327492
-0.843787
0.212799
-0.150981
-0.657387
-0.286760
-1.388124
0.129794
-0.524853
-0.562878
-0.072928
-0.801057
0.217498
-0.649464
-0.740635
-0.475120
-1.292145
0.053511
-0.543170
-0.424478
-0.353361
-0.757001
-0.108562
-0.750451
0.091483
-0.889591
-0.380317
-0.244401
-1.102752
-0.191660
-0.076517
-0.616079
0.308467
-0.622836
-0.204880
-0.901034
0.086937
-0.402885
-0.454633
0.150983
-0.638441
-0.355426
-0.634080
-0.987734
0.562458
-1.127829
-0.134184
-0.895944
-0.491800
-0.178316
-1.108210
-0.389991
-0.279183
-0.462700
0.248312
-0.961971
0.190478
-0.636393
-0.270521
0.331950
-0.541562
0.238294
-0.920704
-0.117976
-0.308967
-0.735343
0.560863
-0.953196
0.141084
0.000853
-0.272504
0.029421
-1.136104
-0.489655
-0.244263
-0.878525
-0.187718
-1.162591
-0.256143
-0.133014
-0.466017
-0.068719
-1.261825
-0.168803
-1.127691
0.042904
0.003006
-0.585948
-0.006413
-0.971790
-0.027013
-0.592428
-0.253698
-0.398106
-0.480343
-0.188023
-0.360028
-0.281705
0.325412
-1.007605
0.208190
-0.346927
-0.164059
0.416032
-0.595712
0.153846
-1.014575
-0.786938
0.181411
-0.954133
-0.331054
-0.957260
0.149246
-0.576843
-0.692885
0.588913
-1.287040
-0.361240
-0.163251
-0.710972
0.166028
-0.978049
0.151745
-0.431497
-0.622123
0.060186
-1.393799
-0.439397
-0.725874
-0.132577
-0.202742
-1.231211
0.105823
-1.003350
-0.700100
-0.414274
-0.459290
-0.134795
-0.932362
0.001399
-0.194263
-0.733742
0.570934
-0.826543
0.106317
-0.407861
-0.542548
0.249069
-0.553250
-0.187491
-0.915363
-0.512374
0.130128
-0.502453
-0.367481
-1.088239
-0.385890
-0.627460
-1.176396
0.475314
-0.464293
-0.152189
-0.800309
-0.878705
0.394086
-1.270338
0.081633
-0.291742
-0.767397
-0.384075
-1.079004
-0.472640
-0.517615
-0.693987
0.044795
-1.170441
0.460309
-1.049805
0.075079
0.097253
-0.920733
-0.251387
-1.087753
-0.618546
-0.737763
-1.022086
-0.139417
-0.876741
-0.320941
-0.481987
-0.818983
-0.286155
-0.421960
-0.164171
-0.508648
-0.273882
-0.045696
-1.201303
-0.022885
-0.317414
-0.649609
0.142407
-0.503600
0.418098
-1.188103
-0.343765
-0.676688
-0.337609
0.186317
-1.332742
0.038888
-0.839709
-1.054490
0.477948
-1.239775
-0.375379
-0.830009
-0.684149
0.177699
-0.935103
0.352153
-1.094708
-0.346452
0.225895
-0.997730
-0.278718
-0.644201
0.012910
-0.346162
-1.315872
0.282577
-0.700007
0.053447
-0.265392
-0.802176
0.414983
-0.379077
-0.104282
-0.149122
-0.555062
0.029654
-0.898898
0.094228
-0.424597
-0.606908
0.198463
-0.559130
0.125228
-1.037706
-0.385021
-0.619644
-0.369013
0.109167
-0.638703
0.028904
0.127554
-0.484304
-0.047919
-0.612611
-0.501892
-0.529924
-0.747626
0.297200
-1.264257
0.442078
-0.848726
-0.095323
0.451843
-0.727304
0.298279
-0.607506
-0.761923
-0.356287
-1.226843
0.398798
-0.599692
0.086621
-0.084636
-1.084307
-0.371192
-1.200773
-0.424741
-0.845456
-0.562002
0.463385
-0.598066
-0.017601
-0.306749
-0.950983
-0.200366
-0.592800
0.037365
-0.401381
-0.420835
0.068844
-0.698170
0.306814
-0.622665
-0.190031
-0.286592
-0.973197
-0.210452
-0.752731
-0.102608
-0.481624
-0.874233
-0.152648
-1.164913
-0.584317
-0.463411
-0.898446
-0.318389
-0.676817
-0.254925
-0.280114
-0.399431
-0.508950
-1.056881
-0.144046
-1.011921
-0.260880
-0.546576
-0.658038
-0.073364
-0.639996
-0.417211
-0.755376
-0.900096
0.527513
-0.698468
0.141853
-0.611775
-0.326550
-0.111759
-0.502162
-0.353102
-0.329703
-0.900900
-0.129145
-0.688325
0.178399
-0.531844
-0.071028
-0.254050
-0.500353
0.234172
-0.289951
0.105658
0.253026
-1.043868
-0.326363
-0.738953
-0.311270
-0.089611
-0.282748
-0.424419
-1.288330
0.378696
-0.610305
-1.065854
0.110100
-1.252616
-0.159376
-0.669802
-0.489651
-0.365768
-0.761786
-0.242988
-0.862825
-0.834676
0.202624
-0.333261
0.220568
-0.572600
-0.360472
-0.324073
-0.858762
-0.100756
-0.988315
-0.231214
-0.371039
-0.677057
0.496558
-0.470975
-0.277713
-0.185876
-0.081434
-0.221969
-0.566358
-0.129616
-0.839781
-0.459930
-0.191925
-0.682661
0.459163
-0.354138
0.123516
-0.286424
-1.164070
-0.171909
-0.874147
0.367062
-0.671221
-1.071246
0.293602
-0.819468
0.059728
-0.908832
-0.166355
0.460313
-0.914359
0.005300
-0.720964
-0.482157
-0.221271
-0.712280
-0.082722
-0.939150
0.180672
-0.573305
-0.678664
-0.079202
-0.764317
-0.591449
0.132969
-0.775620
-0.418723
-0.525016
0.354748
-0.868543
-1.002002
-0.089501
-1.285650
-0.154988
-0.614064
-0.117366
0.321347
-1.293233
0.550160
-0.441136
-0.776704
-0.230223
-1.084697
0.089422
-0.416555
-0.079165
-0.667103
-1.019644
0.531365
-1.256322
-0.218457
-0.373673
-0.697941
0.483974
-0.753789
-0.076038
-0.691294
-0.358593
-0.256948
-1.095737
0.334975
-0.810877
-0.188952
0.239669
-0.649390
-0.214120
-0.550236
-0.156136
-0.491113
-0.567050
-0.029862
-1.020852
-0.468797
-0.280568
-0.349133
-0.386192
-1.147507
0.438786
-0.749469
-0.862313
-0.428607
-0.742248
0.306694
-0.630734
-0.322671
-0.202656
-0.420393
0.571340
-1.197668
-0.562460
-0.448581
-0.472620
0.206577
-0.368598
0.046155
-0.547940
-1.053220
0.022801
-0.485571
-0.127569
-0.829960
-0.820550
0.281504
-1.082930
0.417098
-0.520911
-0.594482
-0.434571
-0.821038
0.232399
-0.892983
-0.193470
-0.375833
-1.235175
-0.237110
-0.402660
-0.211065
-0.701708
-0.351719
0.140962
-1.034048
-0.425838
-0.557991
-0.189927
-0.327665
-1.300505
-0.248954
-0.780496
-0.463827
-0.390388
-0.667267
0.268312
-0.762833
-0.389518
-0.624236
-1.029282
-0.321534
-0.891233
-0.291984
-0.126292
-1.225839
0.382453
-1.072783
-0.273229
-0.018690
-0.727634
-0.176708
-1.017526
0.025656
-0.872021
-0.122776
0.380566
-1.072189
-0.138103
-0.313513
-0.464293
-0.194133
-1.276108
0.340513
-0.294353
-0.551653
-0.250898
-0.635995
0.265434
-0.371466
0.018840
0.131067
-1.163537
-0.345495
-0.942406
0.126909
-0.857004
-0.865110
0.484077
-0.914412
-0.365602
-0.696802
-0.216520
-0.087256
-0.410075
0.487802
-0.806102
0.026625
-0.450334
-0.593116
0.300209
-0.618762
-0.560519
-0.020061
-0.798682
-0.305164
-1.341585
0.324851
-0.167452
-0.438645
0.420181
-0.937282
0.181313
-0.142929
-0.468940
-0.416925
-0.775234
0.236143
-0.833899
-0.294953
-0.487848
-0.883070
-0.402862
-0.376861
0.201504
0.203385
-0.456095
-0.037168
-0.522998
-0.578018
-0.796210
-0.640565
0.302421
-1.144498
-0.205654
-0.839816
-0.695915
-0.158251
-1.289303
-0.320717
-1.101015
0.066398
-0.013487
-0.633362
0.508766
-1.118794
0.064516
-0.190573
-0.492633
-0.189456
-1.216558
0.298554
-0.177570
-1.089992
0.448609
-0.757549
-0.469897
-0.293116
-0.099912
0.437084
-0.655318
-0.377943
-0.656692
-0.478339
-0.226536
-0.601290
0.258180
-0.518492
-0.703447
0.102970
-0.488145
-0.217363
-0.534748
-0.274939
0.105153
-0.546447
0.155989
-0.600192
-0.362619
-0.562896
-0.152181
-0.112358
-1.053013
0.159118
-0.601886
-0.790609
-0.254230
-0.831009
0.478351
-0.905975
-0.397763
0.013491
-0.967510
0.534439
-1.137317
-0.022253
-0.050488
-0.446203
0.026696
-0.506930
-0.014854
-0.627333
-1.142107
-0.050381
-0.690038
0.417995
-0.940345
-0.780342
0.206820
-1.077311
0.199397
-0.449446
-0.254191
0.390932
-1.004007
-0.270784
-1.036018
-0.143473
-0.025857
-1.167677
0.530486
-1.154635
0.124815
-0.542026
-1.090803
0.514431
-1.345756
0.275391
-0.217362
-0.624295
0.198466
-1.016405
0.266533
-0.396815
-0.192269
-0.127566
-0.717780
0.443712
-0.503920
-0.454907
-0.499466
-0.953485
-0.317250
-0.457753
-0.335897
-0.365337
-0.249034
0.177821
-1.278662
0.099480
-0.216067
-1.110747
0.411687
-0.879925
-0.163926
-0.078614
-0.551740
-0.165449
-0.562462
-0.207038
-0.341545
-0.367874
-0.032947
-0.758626
-0.175797
-0.897663
-0.714437
0.122827
-1.021047
0.349094
-1.085061
-0.192168
-0.770235
-0.820162
-0.150678
-0.893895
0.269425
-0.743190
-0.962408
0.379809
-0.418066
0.364145
-0.234990
-0.070942
-0.271196
-1.112613
0.435732
-0.459251
-0.163338
-0.050752
-1.276327
0.075058
-1.149626
-0.030308
-0.788529
-0.796064
-0.401021
-1.284437
-0.256581
-0.707618
-0.240618
0.088389
-0.683979
0.507290
-0.184911
-0.960182
-0.090631
-0.654462
-0.127054
-0.649023
-0.218640
-0.410948
-0.933865
0.133477
-1.185966
0.021559
-0.023175
-0.270764
0.112057
-0.956354
0.052825
-0.390440
-0.243906
0.370065
-1.209421
0.456392
-0.825460
-0.796729
-0.483781
-0.841292
0.057706
-0.276168
-0.756823
-0.435740
-0.452515
-0.352842
-1.068345
-0.371430
0.009141
-0.762526
0.547008
-0.962467
0.154839
-0.552659
-0.246878
0.468136
-1.318861
0.184846
-0.146066
-0.453179
-0.382432
-0.867606
-0.301014
-1.130356
-0.562145
-0.265815
-0.387680
0.197679
-0.698833
-0.756776
-0.567596
-1.251193
0.547003
-1.055401
-0.408001
-0.010431
-0.878920
0.050622
-1.163326
-0.453151
0.002586
-0.921632
0.014439
-0.626773
0.043834
-0.685542
-0.284204
0.020980
-1.239686
0.146041
-1.028153
-0.566146
-0.587355
-0.978179
-0.109393
-0.853556
-0.017411
-0.541070
-1.176441
-0.166480
-1.067678
-0.369726
-0.643802
-0.883323
0.041763
-0.840478
-0.404949
-0.236581
-0.976185
-0.223979
-0.448995
-0.411557
-0.697349
-0.438516
0.152240
-1.337174
0.464834
-0.804364
-0.144516
-0.758367
-1.225481
0.394802
-1.077468
-0.484555
-0.749137
-0.604785
0.161172
-0.554307
0.309020
-0.358669
-0.967202
-0.369553
-0.502768
-0.068415
-0.756861
-0.525651
0.335762
-0.875545
-0.176952
-0.276685
0.015121
-0.549890
-1.298336
-0.102275
-0.719372
0.132801
-0.544326
-0.725250
-0.144578
-0.470300
-0.067017
-0.655529
-0.380853
0.285600
-0.924287
0.388116
-0.772253
-0.888723
0.129851
-1.202240
0.328911
-0.433278
-0.515861
-0.039607
-1.150730
0.314391
-1.269295
-0.588420
-0.605110
-0.966843
-0.315328
-1.359812
-0.142452
-0.839752
-0.824772
-0.394910
-0.495627
0.119685
-0.519546
-0.826575
-0.006288
-1.345838
0.079927
-0.938848
-0.064240
0.346248
-1.234412
-0.247602
-1.214851
0.067078
-0.433315
-0.453129
0.201282
-0.702118
-0.164488
-0.115167
-0.805688
0.065521
-0.491344
0.044051
-0.244683
-1.053127
0.073374
-1.161517
-0.350305
-0.255349
-0.621115
-0.601241
-0.849418
0.444614
-1.064052
-0.741101
0.174874
-0.594247
-0.099988
-0.620316
0.030864
-0.439236
-0.338665
0.343015
-1.153610
-0.355407
-0.395544
-0.257722
0.372586
-1.344240
0.145199
-0.886135
-0.404369
-0.050069
-0.581105
-0.072757
-0.699094
-0.451840
-0.099985
-0.698460
-0.120074
-0.425116
-0.073190
-0.013406
-0.501131
0.412549
-0.524320
0.047994
-0.407745
-0.987033
-0.105385
-1.165558
0.062493
-0.843398
-1.008955
0.253242
-0.958093
0.157520
-0.556156
-0.589550
0.003926
-1.094659
0.113205
-1.072797
0.026873
-0.451333
-0.712772
-0.104729
-0.656101
-0.484542
0.031133
-0.194173
-0.410333
-0.829811
0.247246
-0.254786
-0.663758
0.112090
-0.981182
0.471056
-0.378860
-0.151296
-0.449775
-1.030140
-0.409423
-1.094940
-0.662332
-0.291379
-0.547570
0.361479
-0.611861
-0.264817
-0.837975
-0.969438
0.189406
-0.592548
-0.004225
-0.808757
-1.002710
-0.230189
-1.077511
-0.453508
-0.877358
-0.613535
0.012791
-1.369149
-0.292034
-0.246836
-0.201208
-0.138888
-0.424867
0.007050
-0.994180
-0.648168
-0.066964
-0.924265
-0.193304
-0.499099
0.158577
0.033120
-0.500383
0.013676
-1.020375
0.150383
-0.355073
-0.017422
-0.097775
-1.118598
-0.264171
-0.652129
-0.352871
-0.150998
-0.789361
0.358660
-0.436864
-0.605006
0.006120
-0.296147
-0.284340
-0.948004
-0.106852
-0.874843
-0.358989
0.398313
-1.310763
0.028848
-0.869235
-0.750603
-0.081058
-0.485057
-0.174939
-1.085324
-0.536151
0.049449
-0.648733
-0.305958
-0.604157
-0.631981
-0.348378
-0.478506
0.295864
-0.432165
-0.350712
-0.598250
-0.544321
-0.260539
-0.984696
-0.121684
-0.842037
-0.574509
0.360476
-0.733106
0.068698
-0.451474
-0.460525
0.054079
-1.161679
0.246519
-0.292364
-0.186927
-0.104171
-1.116415
0.314870
-0.344298
0.159471
-0.377695
-1.170951
0.105133
-0.779469
-0.145139
-0.599339
-0.846406
-0.110320
-0.738730
0.044062
-1.053915
-0.185763
0.403789
-0.934910
0.534196
-0.722333
-0.578560
-0.008188
-1.337381
0.558855
-1.141021
-0.111777
-0.586175
-0.461783
0.163372
-0.526003
-0.237803
-0.118638
-0.629205
-0.082736
-0.746916
0.447876
-0.596932
-0.888360
0.057629
-0.516478
0.054830
-0.292627
-0.691609
-0.439101
-0.962375
-0.160262
-0.261022
-0.444099
-0.018955
-0.337032
0.413548
-1.328413
-0.066462
-0.028544
-0.240410
0.319570
-0.921755
-0.410094
-0.427523
-1.063896
0.494093
-0.449548
0.335498
-0.588037
-0.658059
-0.115240
-0.879229
0.321280
-0.599411
-0.765830
-0.060791
-1.193718
0.528668
-0.456357
-0.406418
-0.477498
-1.137346
-0.117608
-0.691380
0.217859
-0.680565
-0.640671
0.356454
-0.535707
-0.180519
-0.283193
-0.402672
0.242180
-0.452610
-0.268210
-0.373297
0.037316
-0.526999
-0.721567
0.038167
-0.857343
-0.665320
0.175628
-1.103372
0.302792
-1.343090
0.163954
-0.056480
-0.232531
0.206983
-1.250645
-0.255277
-0.273568
-0.614871
0.442594
-0.830125
0.247079
-0.701893
-0.538524
-0.043793
-0.596241
-0.236459
-1.082597
-0.239613
-0.612811
-0.961040
-0.032923
-1.306378
-0.209316
0.140840
-0.739097
0.460412
-1.305908
-0.147006
-0.928231
-0.308668
-0.059879
-0.548504
0.152866
-0.745299
-0.467336
0.198433
-0.739660
-0.164642
-1.012219
-0.241336
0.139679
-0.414302
-0.356102
-1.102782
-0.231732
0.003907
-0.860001
0.235517
-1.005479
-0.098682
0.048593
-0.401280
0.061971
-0.949406
0.228235
-0.076325
-0.675570
0.266814
-0.982667
-0.041828
-0.593404
-0.046754
-0.399535
-1.124328
-0.203165
-0.539132
0.245554
0.073906
-1.271115
-0.199132
-0.920306
0.196649
-0.778947
-0.694554
-0.406726
-0.798423
-0.235919
-0.609894
-0.809564
0.147882
-0.483001
-0.218472
-0.757181
-0.485924
0.076994
-1.242793
0.023004
-1.234682
0.138429
0.116636
-0.886771
0.125019
-0.660984
-0.007617
-0.103938
-0.335070
-0.019661
-0.639805
0.155271
-0.576007
-0.144530
-0.334792
-1.163590
-0.405481
-0.482199
-0.696173
0.092341
-0.457218
0.270188
-0.312976
-0.253647
-0.078329
-1.180635
0.576302
-1.268169
0.122686
-0.710199
-0.765959
0.437864
-1.341534
-0.275223
-0.674750
-0.579431
0.530848
-0.471050
-0.194716
-0.203384
-0.677329
-0.490003
-0.807461
0.308626
-1.186052
-0.146502
0.335871
-1.275346
-0.039814
-1.032541
-0.011594
-0.480260
-0.329724
0.242974
-0.486770
-0.080000
-0.103133
-0.328649
0.151257
-0.768189
0.415854
-0.957830
-0.577023
0.463630
-1.007485
0.290711
-0.619551
-0.541574
0.064568
-0.528133
-0.159708
-1.248840
0.096233
0.109169
-0.550503
0.490182
-0.768182
0.064022
0.110249
-0.278952
0.558586
-0.682760
-0.342804
-0.056328
-0.745418
-0.399304
-0.920565
-0.330574
-0.180771
-0.895207
0.197518
-0.504033
-0.276790
-0.975230
0.015246
-0.149752
-0.333731
-0.017171
-0.395222
-0.042872
-0.588971
-1.075757
0.258162
-1.262492
-0.592518
-0.518144
-1.135265
0.106379
-1.242806
0.463616
-0.571698
-0.870878
0.125405
-0.673862
-0.365257
-1.171500
-0.077456
-0.094950
-1.185908
0.330659
-0.662372
0.182982
-0.156560
-0.506563
-0.224695
-0.894163
-0.328295
-0.723855
-0.329553
-0.224070
-0.554467
-0.463846
-0.642916
-0.543044
-0.337000
-1.009875
0.481281
-0.975980
0.031525
-0.516582
-1.226251
0.045072
-1.023514
0.013484
-0.552411
-0.999088
0.421992
-0.360699
0.184582
0.131538
-0.501032
0.049332
-0.466890
-0.241211
-0.742382
-0.997256
0.294922
-0.854919
-0.203152
-0.487414
-0.204929
-0.461305
-0.690391
-0.271606
-0.600045
0.028218
-0.146919
-0.768000
-0.360626
-0.819270
-0.058328
-0.630502
-0.295057
0.468045
-0.386762
-0.473429
-0.756804
-0.327764
-0.367026
-1.360908
0.292385
-0.267144
-0.498276
0.170076
-1.267727
0.321281
-0.378636
0.022864
-0.342729
-1.265645
0.124336
-1.219849
-0.555616
-0.549201
-1.058888
0.411904
-1.273819
0.122181
-0.521485
-1.052701
-0.197621
-1.367550
-0.228550
-0.835729
-0.146285
-0.225943
-1.083607
-0.360635
-1.057388
-0.515653
-0.476564
-0.478908
-0.197556
-0.610867
-0.194542
-0.388865
-0.899932
0.006836
-1.096817
0.035924
-0.363312
-0.443508
0.343215
-0.700331
0.423644
-0.000783
-0.594138
-0.419852
-0.662849
0.402317
-0.925299
0.013548
0.331115
-0.892995
-0.245950
-0.410836
-0.063371
-0.194956
-0.420733
0.466380
-0.414465
-0.671080
-0.056111
-1.132914
0.267954
-1.020389
-0.147769
-0.857698
-0.376584
0.222540
-0.610461
-0.251308
-0.620018
-0.453987
0.392974
-0.955757
0.107157
-0.752589
-0.379981
-0.364745
-1.034150
0.283604
-1.023366
-0.531740
-0.592496
-0.836779
-0.375002
-0.408689
0.296220
0.038918
-0.360601
0.381243
-0.419896
0.037916
-0.094682
-0.398762
0.406924
-1.016909
0.285979
-0.473308
-0.859431
-0.079467
-0.438539
0.105788
-1.169455
0.068685
0.226489
-0.672672
-0.103883
-0.884291
0.241133
-0.242496
-1.071748
-0.255077
-0.555633
-0.247918
-0.376926
-0.236385
-0.226257
-0.864958
0.320455
-1.039569
-0.609739
0.196940
-0.740815
-0.128198
-0.797460
-0.278363
-0.010467
-1.160768
-0.164528
-0.573733
-0.014054
-0.646610
-0.988871
0.366405
-1.347650
-0.388402
-0.531947
-0.814603
0.194457
-1.079502
0.431468
-0.276303
-0.521361
0.220480
-1.283617
-0.336373
-0.567298
-0.514287
-0.010346
-0.930744
0.035028
-0.292231
-0.562546
-0.688851
-0.987922
0.207579
-0.720023
0.329534
-0.118495
-0.302881
0.255309
-0.920281
-0.494887
-0.076534
-0.800737
-0.453110
-1.239402
0.209741
-0.771328
-0.110047
0.375290
-1.053803
0.198882
-0.782047
-0.719112
-0.008236
-0.728821
0.293617
-1.253305
-0.460652
-0.741548
-0.689374
-0.225708
-1.085485
0.038072
-0.498660
-0.183696
-0.251575
-0.953383
0.215713
-1.007131
-0.824138
-0.408152
-1.241195
-0.324456
-0.804498
-0.638819
-0.429179
-1.244070
0.176999
-1.243042
-0.642636
0.079696
-0.565118
0.125246
-0.409131
-0.199405
-0.829214
-0.478622
0.014463
-1.078555
0.268375
-0.073886
-0.491086
-0.472433
-0.795221
-0.427842
-0.207490
-0.051250
-0.190203
-0.675700
0.530503
-0.686463
0.087368
-0.693715
-0.578443
-0.149535
-1.085330
0.320268
-0.558870
-0.326697
-0.423245
-0.989235
0.207578
-0.331297
-0.110891
0.187902
-1.305176
-0.397695
-0.794301
-0.355857
-0.231163
-1.239887
0.155485
-0.358198
-0.598148
-0.563197
-0.396469
-0.225604
-0.345213
-0.308191
-0.005683
-0.285842
0.532537
-0.699700
0.436713
-0.330897
-0.155066
-0.218215
-0.794890
-0.196050
-0.997551
-0.344242
0.111165
-0.529166
-0.099331
-0.595305
-0.285818
-0.269789
-0.642338
0.507030
-0.329442
-0.647392
-0.776315
-0.694948
0.544352
-1.144169
0.115773
-0.077715
-0.732919
0.237757
-1.174597
-0.250078
-0.447022
-0.828924
0.394929
-0.769729
0.402071
-0.311466
0.007561
-0.201760
-1.191461
-0.401108
-1.218101
0.090886
0.086744
-0.884987
0.063186
-0.951856
0.173082
-0.744375
-0.863229
0.343189
-1.179494
-0.184990
-0.694654
-0.882084
0.060326
-1.353364
-0.417405
-0.176140
-0.180793
-0.346879
-1.140199
-0.042591
-0.811726
-0.631137
0.264259
-1.020112
-0.362563
-0.458929
0.056574
-0.658362
-0.331203
0.365681
-1.348855
0.171783
-0.804255
-0.591539
-0.349644
-0.415440
0.181954
-0.665477
-0.198398
0.298943
-0.589675
-0.316853
-1.178692
-0.473943
-0.535459
-1.245460
-0.062931
-0.420028
-0.366267
-0.246548
-0.983643
0.371963
-0.647381
-0.345495
-0.873707
-0.373129
-0.337204
-0.605825
0.457012
-1.067308
-0.427049
0.452897
-0.654956
0.330577
-0.689940
-0.009137
0.106235
-1.191954
-0.085731
-0.764240
-0.721867
-0.658347
-0.648677
-0.332944
-0.885059
0.143688
-0.743586
-0.366431
0.223230
-0.897577
-0.158449
-0.103269
-0.772597
-0.416316
-1.223256
-0.103925
-0.292958
-0.625688
-0.464590
-0.549946
-0.107776
-0.527536
0.017044
-0.686113
-0.807444
-0.092849
-0.425982
-0.422799
-0.389099
-0.982915
0.340187
-0.892339
-0.225047
-0.593401
-0.531193
0.320349
-1.233984
0.243070
-0.498650
-0.136943
-0.357989
-0.396323
0.335979
-0.726109
-0.757273
0.247519
-0.479421
0.536924
-1.081924
0.282023
-0.056399
-0.710757
0.304457
-0.809041
-0.023012
-0.728504
-0.265114
0.018250
-0.939996
-0.165732
-0.363527
-0.786755
0.286701
-1.348017
0.181713
-0.795760
-0.032245
0.138865
-1.236678
0.057987
-0.670131
-0.423562
-0.321236
-0.901767
0.417955
-0.831265
-0.326455
-0.226607
-0.712818
0.091211
-0.732306
-0.314712
-0.962363
-0.674872
0.265791
-0.759875
0.138988
-0.502802
-0.806893
-0.555813
-0.382552
0.414796
-0.978439
0.018202
0.143438
-0.407238
-0.197504
-0.619522
0.010004
-0.538436
-1.032772
-0.132884
-0.743365
0.062179
-0.319521
-0.631359
-0.338603
-0.430252
-0.340135
-0.503954
-0.465272
0.224111
-0.557905
0.148549
-1.046255
-0.236789
-0.476491
-0.556679
-0.152433
-0.987119
0.113506
-0.578320
-1.093413
-0.314949
-1.329794
-0.576147
0.052337
-0.890560
0.271598
-0.726353
0.059463
-0.159999
-0.046226
-0.339098
-0.857275
0.196110
-0.521693
-0.200498
-0.042969
-0.545839
-0.115571
-1.180271
-0.150661
-0.656335
-0.599368
0.370720
-0.645866
0.251901
-0.351059
-0.216813
-0.235607
-1.025272
-0.340653
-0.671798
-0.587285
-0.280875
-1.022454
0.007401
-0.674881
-0.816165
-0.473721
-1.329454
-0.390954
-1.155792
-0.554539
-0.171530
-0.570222
0.503829
-1.102726
-0.334849
-0.146223
-0.689568
0.012140
-1.078245
0.070257
-0.872058
-1.013514
-0.145100
-0.404437
0.153240
-0.814411
-0.766317
0.424553
-0.894319
