0.000626
0.281793
0.096652
0.404370
0.292505
0.239937
0.175146
0.447981
0.411420
0.373302
0.087054
0.429472
0.355251
0.256767
0.151997
0.007492
0.045701
0.182226
0.073656
0.082949
0.494263
0.222846
0.059542
0.002335
0.004456
0.188940
0.265831
0.285592
0.300882
0.303583
0.083117
0.331523
0.225394
0.176061
0.028520
0.303842
0.391659
0.401303
0.259941
0.150975
0.437986
0.363338
0.477950
0.462859
0.269677
0.071169
0.231040
0.117664
0.431120
0.104801
0.389828
0.421827
0.498398
0.499847
0.305750
0.196219
0.133106
0.148640
0.420072
0.011872
0.187933
0.046312
0.338603
0.028108
0.004395
0.459395
0.137944
0.136448
0.293954
0.345592
0.418806
0.363247
0.242470
0.102680
0.371868
0.234230
0.228980
0.474578
0.372219
0.054140
0.299524
0.192618
0.367504
0.304483
0.286203
0.180670
0.075777
0.112552
0.212577
0.401440
0.258553
0.494995
0.375774
0.172781
0.084490
0.328654
0.245949
0.031770
0.349879
0.252403
0.073748
0.474792
0.070788
0.452559
0.346446
0.151524
0.213279
0.035188
0.483306
0.341594
0.076617
0.438627
0.410840
0.291025
0.095676
0.088946
0.408597
0.237632
0.077776
0.251961
0.366008
0.202795
0.139790
0.284371
0.341121
0.377926
0.360958
0.237648
0.061510
0.183905
0.417341
0.017548
0.258507
0.331492
0.213111
0.052339
0.474670
0.460692
0.274773
0.172994
0.235862
0.187490
0.423490
0.158437
0.228050
0.135945
0.491485
0.148900
0.369594
0.283639
0.097995
0.380657
0.419721
0.198828
0.250450
0.445082
0.013733
0.497314
0.286294
0.025254
0.265664
0.097034
0.421522
0.313379
0.328806
0.098926
0.421079
0.061663
0.054964
0.371563
0.157033
0.470534
0.143040
0.168157
0.070132
0.366543
0.417310
0.353999
0.300119
0.373608
0.126362
0.072237
0.000809
0.030503
0.403119
0.426313
0.105289
0.057802
0.276605
0.007126
0.056887
0.227256
0.376110
0.343074
0.271722
0.036943
0.218360
0.100970
0.348109
0.145177
0.218345
0.116214
0.288934
0.266289
0.314341
0.080096
0.252068
0.481521
0.347880
0.462401
0.094974
0.167974
0.089175
0.497589
0.228721
0.499008
0.048753
0.312586
0.047197
0.218863
0.465758
0.024216
0.447310
0.145009
0.113651
0.384533
0.205359
0.100986
0.314035
0.302072
0.225806
0.233177
0.298914
0.317362
0.427396
0.414396
0.312387
0.360454
0.282876
0.187567
0.092135
0.368954
0.277566
0.452544
0.121433
0.094470
0.302362
0.349254
0.292306
0.175649
0.247230
0.040193
0.370373
0.306024
0.310190
0.345561
0.402264
0.074557
0.288018
0.433866
0.455779
0.307352
0.363842
0.021607
0.333888
0.488266
0.157506
0.284600
0.152913
0.086962
0.054277
0.434523
0.425611
0.372158
0.077441
0.163457
0.039674
0.038301
0.320490
0.410001
0.272546
0.224128
0.204489
0.149373
0.232780
0.250603
0.076327
0.161519
0.368999
0.156941
0.413343
0.479537
0.436674
0.362514
0.150029
0.471999
0.063616
0.032868
0.392483
0.262291
0.304819
0.478057
0.036134
0.437819
0.326930
0.161061
0.052400
0.252525
0.113544
0.145146
0.459990
0.275582
0.331400
0.057268
0.246269
0.189566
0.248405
0.396680
0.254631
0.191183
0.344081
0.266076
0.303140
0.197592
0.002945
0.353938
0.050310
0.311533
0.431623
0.245750
0.373669
0.248451
0.190054
0.392682
0.276406
0.178549
0.477859
0.315424
0.088290
0.187124
0.065813
0.371639
0.475860
0.305994
0.013916
0.164922
0.027955
0.319605
0.065813
0.423536
0.432157
0.298441
0.360820
0.426984
0.007340
0.063234
0.353954
0.308573
0.108783
0.032975
0.084460
0.312052
0.170492
0.159703
0.183782
0.330500
0.401196
0.403439
0.263268
0.305551
0.399091
0.450301
0.072405
0.315088
0.201209
0.126850
0.068270
0.427595
0.033082
0.213904
0.286676
0.151143
0.274026
0.112781
0.155675
0.055315
0.404019
0.067354
0.142125
0.394055
0.447615
0.394818
0.371899
0.307611
0.180563
0.428327
0.114246
0.431791
0.114719
0.124775
0.271203
0.492416
0.026902
0.040712
0.262337
0.213401
0.047334
0.129398
0.445769
0.116382
0.073275
0.062548
0.465819
0.040056
0.023545
0.029359
0.168203
0.457350
0.199301
0.216391
0.473083
0.418592
0.267113
0.421049
0.346767
0.198843
0.129582
0.002167
0.262795
0.477401
0.199347
0.120548
0.292779
0.127567
0.342006
0.472640
0.217750
0.445112
0.003586
0.470489
0.300775
0.393078
0.288339
0.071215
0.111164
0.191504
0.002136
0.208960
0.041124
0.329966
0.427549
0.032426
0.405530
0.331034
0.345744
0.401349
0.265069
0.342814
0.071383
0.344752
0.363948
0.388867
0.015534
0.434339
0.322260
0.353282
0.042726
0.275994
0.473952
0.029389
0.137486
0.072588
0.490890
0.309992
0.146123
0.461241
0.183767
0.347270
0.109317
0.077960
0.120273
0.260720
0.451140
0.053209
0.451323
0.220862
0.040056
0.391049
0.085894
0.487197
0.387936
0.435194
0.105319
0.228309
0.001877
0.375317
0.057024
0.202353
0.155568
0.496307
0.019288
0.126041
0.094638
0.123844
0.076754
0.310160
0.442686
0.469543
0.097827
0.389828
0.322779
0.328379
0.454573
0.227729
0.460646
0.332087
0.075381
0.318171
0.284768
0.211020
0.471511
0.270287
0.289285
0.268227
0.127644
0.198477
0.175130
0.018311
0.397626
0.098254
0.035142
0.194708
0.295373
0.035463
0.098834
0.077944
0.322169
0.227165
0.302149
0.348674
0.220649
0.342235
0.198263
0.417859
0.296106
0.099796
0.474731
0.438002
0.195853
0.493728
0.092654
0.447859
0.287225
0.221030
0.313669
0.354259
0.024812
0.142781
0.130100
0.203818
0.447661
0.355098
0.364223
0.448027
0.196783
0.198706
0.451933
0.154302
0.194052
0.285287
0.176778
0.366848
0.372677
0.368191
0.369716
0.069658
0.100085
0.136296
0.340220
0.455565
0.183920
0.258827
0.054689
0.453719
0.101535
0.258980
0.327418
0.219260
0.343822
0.045213
0.039781
0.037889
0.013901
0.177541
0.153615
0.348643
0.071337
0.197424
0.033921
0.337870
0.362468
0.099353
0.347011
0.307855
0.327448
0.271996
0.049150
0.272683
0.024812
0.487289
0.232017
0.484985
0.363933
0.265481
0.339961
0.346400
0.186056
0.194311
0.024979
0.404889
0.084780
0.030412
0.155278
0.392239
0.106235
0.160955
0.242332
0.004578
0.219932
0.253929
0.302973
0.379269
0.200537
0.174902
0.421323
0.471160
0.311655
0.498642
0.026734
0.281426
0.431776
0.193381
0.153203
0.142109
0.013352
0.306284
0.195593
0.009308
0.015519
0.227851
0.428968
0.468383
0.200949
0.363643
0.305795
0.404187
0.437712
0.291299
0.297510
0.039506
0.396588
0.231101
0.295312
0.294717
0.284600
0.408032
0.336375
0.171789
0.005112
0.133656
0.170782
0.116047
0.385510
0.185873
0.434935
0.058428
0.362789
0.314463
0.446974
0.091510
0.267785
0.451003
0.390042
0.482604
0.098682
0.450774
0.398709
0.476699
0.424406
0.445173
0.314356
0.092730
0.308466
0.132496
0.125324
0.366100
0.394055
0.085467
0.356944
0.240471
0.040742
0.403272
0.427671
0.062319
0.153737
0.286660
0.236488
0.381024
0.095935
0.363887
0.497513
0.007675
0.323817
0.345820
0.087069
0.036058
0.137486
0.338313
0.419462
0.278329
0.185614
0.389752
0.116260
0.319117
0.115833
0.102298
0.485519
0.140873
0.011444
0.384610
0.075915
0.023484
0.004624
0.174291
0.321940
0.171621
0.207282
0.208258
0.045335
0.272591
0.349635
0.168996
0.328761
0.438124
0.267739
0.285012
0.026994
0.232887
0.129994
0.213401
0.431669
0.243294
0.043718
0.282907
0.354701
0.389233
0.432112
0.425275
0.146504
0.432188
0.322459
0.373424
0.414319
0.382809
0.435957
0.454161
0.456267
0.260979
0.220084
0.053819
0.177007
0.411527
0.213858
0.084918
0.000427
0.328730
0.386776
0.031861
0.044908
0.192831
0.341945
0.403806
0.077044
0.071429
0.024232
0.173070
0.009278
0.489212
0.323817
0.026826
0.457076
0.318735
0.215857
0.010529
0.121296
0.195975
0.327006
0.390942
0.011414
0.413022
0.069216
0.317133
0.275201
0.491745
0.231712
0.107395
0.150349
0.391079
0.171270
0.240303
0.304010
0.051256
0.492218
0.377911
0.075442
0.228202
0.355815
0.499374
0.387753
0.320826
0.310602
0.473052
0.344081
0.144902
0.283578
0.145192
0.274117
0.356182
0.123218
0.273339
0.246315
0.476028
0.334910
0.382580
0.311686
0.222877
0.399380
0.372768
0.494461
0.102313
0.314737
0.454909
0.295648
0.459197
0.252770
0.244697
0.224860
0.444670
0.470199
0.091464
0.125980
0.101505
0.365246
0.470565
0.312540
0.020676
0.320673
0.017258
0.278176
0.272240
0.223167
0.030686
0.498016
0.063875
0.300455
0.025178
0.086398
0.330119
0.166219
0.157979
0.326792
0.205267
0.213752
0.110813
0.339259
0.083224
0.248772
0.253822
0.401364
0.217536
0.002258
0.169744
0.187948
0.064287
0.413663
0.366649
0.445570
0.321665
0.325297
0.257241
0.366985
0.368587
0.478545
0.232917
0.181631
0.056093
0.452330
0.410611
0.227393
0.054338
0.434721
0.380688
0.019562
0.208335
0.468062
0.033876
0.082430
0.105640
0.058458
0.295557
0.059175
0.309137
0.290048
0.345149
0.365780
0.457823
0.334864
0.149251
0.404431
0.189093
0.498749
0.386258
0.102206
0.085284
0.194128
0.090609
0.290490
0.097812
0.480071
0.095126
0.190863
0.151997
0.060411
0.099078
0.023118
0.385586
0.380520
0.440519
0.000885
0.224311
0.213187
0.400769
0.230674
0.247429
0.374691
0.119251
0.279702
0.046373
0.461013
0.446913
0.428510
0.029817
0.245445
0.316019
0.373608
0.378033
0.127873
0.454955
0.395993
0.099811
0.276421
0.025620
0.261086
0.395184
0.352077
0.012024
0.365871
0.276681
0.457106
0.437773
0.398465
0.152715
0.197470
0.240944
0.026292
0.325983
0.000427
0.384289
0.378094
0.109867
0.077380
0.028764
0.335307
0.016343
0.172933
0.348933
0.399075
0.218131
0.490860
0.317774
0.147649
0.238487
0.437178
0.039644
0.050493
0.071612
0.071505
0.458998
0.154363
0.186911
0.406919
0.023316
0.407102
0.119999
0.448943
0.128254
0.134678
0.104007
0.114689
0.423078
0.437422
0.443846
0.422391
0.304636
0.020447
0.086764
0.091876
0.177953
0.224631
0.092532
0.447233
0.311518
0.273171
0.455840
0.261299
0.365322
0.499664
0.484664
0.433714
0.420103
0.073336
0.187201
0.142186
0.085482
0.486877
0.370907
0.358303
0.015442
0.322520
0.406354
0.367962
0.409085
0.062319
0.359447
0.187536
0.324915
0.457717
0.444838
0.016083
0.386746
0.224433
0.003784
0.114307
0.209235
0.078295
0.459517
0.250847
0.121433
0.377239
0.453261
0.106738
0.016053
0.385586
0.114124
0.278298
0.403195
0.426008
0.165807
0.269463
0.495895
0.434675
0.323435
0.113865
0.406400
0.185522
0.183447
0.017487
0.280648
0.198935
0.059893
0.162465
0.449507
0.100742
0.470092
0.062532
0.424665
0.446974
0.222785
0.111057
0.317377
0.280038
0.312021
0.211829
0.008240
0.432066
0.069811
0.133702
0.145985
0.340831
0.280725
0.479415
0.303613
0.394116
0.211356
0.409192
0.369732
0.067888
0.258263
0.010041
0.003494
0.374157
0.166936
0.451064
0.231132
0.383953
0.025254
0.315485
0.012085
0.341212
0.484542
0.250221
0.353191
0.132969
0.411176
0.323313
0.298608
0.131809
0.422117
0.230033
0.374081
0.175802
0.007248
0.238273
0.313242
0.201941
0.191809
0.013810
0.144414
0.298425
0.441939
0.216086
0.465773
0.191488
0.266564
0.005036
0.487121
0.432600
0.218711
0.349818
0.166478
0.301172
0.249275
0.279809
0.019501
0.189108
0.116520
0.468673
0.429762
0.482055
0.304407
0.291986
0.038224
0.203513
0.152654
0.249290
0.040025
0.437391
0.152135
0.390759
0.466445
0.294214
0.108112
0.139653
0.280358
0.437208
0.125034
0.150700
0.363567
0.433302
0.115543
0.095355
0.223395
0.445173
0.287164
0.014389
0.497620
0.029618
0.309595
0.128468
0.084918
0.058061
0.115741
0.247444
0.479904
0.024644
0.039811
0.168828
0.139866
0.257775
0.245277
0.206137
0.462355
0.300531
0.146077
0.237877
0.200827
0.475661
0.274178
0.417463
0.397214
0.400830
0.296426
0.435041
0.159032
0.469588
0.133961
0.471664
0.359386
0.063814
0.387448
0.236442
0.087954
0.013337
0.020814
0.227393
0.431150
0.068056
0.007233
0.106388
0.409268
0.398602
0.389828
0.329249
0.149373
0.390713
0.460753
0.421064
0.121311
0.249382
0.011505
0.037858
0.015442
0.178106
0.357662
0.204901
0.090213
0.148961
0.091052
0.372448
0.067370
0.029115
0.262810
0.179434
0.403363
0.079409
0.449934
0.065905
0.014618
0.090716
0.409040
0.124607
0.285348
0.173452
0.269967
0.332453
0.435377
0.466262
0.472640
0.052599
0.076617
0.278985
0.400128
0.447569
0.036256
0.436155
0.411206
0.194143
0.274392
0.335978
0.225471
0.140690
0.474731
0.491073
0.364025
0.297403
0.136189
0.065981
0.098972
0.300256
0.243675
0.177664
0.114963
0.239219
0.345897
0.474075
0.335566
0.491287
0.118763
0.256783
0.117908
0.449019
0.242180
0.163228
0.268746
0.285394
0.168264
0.174078
0.084613
0.145085
0.109638
0.461409
0.369839
0.403500
0.325220
0.343348
0.135044
0.383435
0.032212
0.360881
0.429533
0.170782
0.022187
0.242149
0.010392
0.419095
0.309259
0.270287
0.302026
0.284341
0.388684
0.320017
0.348369
0.379971
0.434004
0.078997
0.211753
0.393231
0.010712
0.219184
0.021073
0.253151
0.134632
0.034135
0.122425
0.491028
0.253227
0.307764
0.035508
0.183752
0.477767
0.430036
0.168737
0.120945
0.144765
0.025483
0.496353
0.086230
0.034455
0.110065
0.150456
0.393429
0.324808
0.041841
0.131382
0.068239
0.108768
0.281289
0.089129
0.316141
0.053453
0.226859
0.379421
0.166906
0.028703
0.141255
0.347148
0.436628
0.283792
0.434248
0.040605
0.397702
0.499832
0.317499
0.309427
0.297388
0.296564
0.097125
0.489441
0.115757
0.021149
0.119526
0.127567
0.203406
0.397473
0.136235
0.450026
0.189718
0.363781
0.103244
0.026475
0.302286
0.176992
0.180624
0.334056
0.488021
0.111820
0.447890
0.173482
0.476760
0.332560
0.100833
0.141179
0.177725
0.265999
0.145497
0.109989
0.049806
0.053362
0.354671
0.421903
0.335932
0.409574
0.002884
0.245674
0.302316
0.467666
0.145314
0.302911
0.373455
0.436918
0.456114
0.415052
0.302957
0.152440
0.392117
0.075060
0.271310
0.344523
0.197317
0.496597
0.050966
0.205802
0.013718
0.343715
0.129444
0.084506
0.114322
0.094501
0.431104
0.381649
0.023804
0.241615
0.028077
0.480621
0.042497
0.282739
0.481277
0.286950
0.439329
0.204352
0.201575
0.206748
0.329264
0.411679
0.472594
0.141560
0.001114
0.308130
0.024720
0.328028
0.210974
0.477248
0.301981
0.100436
0.207190
0.170278
0.311563
0.404202
0.002426
0.052629
0.197211
0.138432
0.158391
0.412122
0.426756
0.155766
0.098834
0.282342
0.234535
0.497559
0.216620
0.184240
0.209387
0.192434
0.290216
0.438871
0.168706
0.196692
0.475524
0.254570
0.209296
0.304147
0.388379
0.041826
0.075594
0.103961
0.043672
0.158635
0.235908
0.314570
0.166387
0.039659
0.307260
0.071413
0.140355
0.412488
0.219535
0.497208
0.110477
0.053667
0.259499
0.132298
0.003677
0.288125
0.385281
0.053758
0.484603
0.184713
0.451994
0.260857
0.111332
0.151311
0.239235
0.155309
0.207205
0.382366
0.420804
0.194555
0.213736
0.362087
0.367458
0.045701
0.040864
0.376537
0.423490
0.318903
0.179815
0.237510
0.047197
0.207648
0.094180
0.171560
0.456694
0.114658
0.155156
0.077136
0.170766
0.091144
0.136143
0.102969
0.086230
0.167638
0.032716
0.250954
0.481841
0.404630
0.223228
0.456496
0.089633
0.240959
0.236045
0.349620
0.124302
0.468352
0.138722
0.149770
0.411222
0.409818
0.314951
0.397534
0.003601
0.130482
0.144765
0.476485
0.429731
0.258721
0.353755
0.128086
0.460524
0.245628
0.046770
0.412992
0.038347
0.141316
0.191931
0.321635
0.257546
0.215766
0.070360
0.487487
0.037309
0.002594
0.457396
0.205832
0.377667
0.093829
0.050859
0.211570
0.338969
0.263710
0.412107
0.418592
0.135746
0.249748
0.435224
0.074496
0.485397
0.269189
0.110340
0.033372
0.102313
0.098865
0.096454
0.099765
0.478393
0.296747
0.369396
0.147191
0.339915
0.393063
0.460662
0.464217
0.422163
0.129490
0.052721
0.030946
0.451888
0.074160
0.446379
0.179708
0.478347
0.190786
0.165731
0.342280
0.443770
0.190054
0.216636
0.337321
0.133549
0.241417
0.263924
0.401028
0.397061
0.373165
0.243339
0.413892
0.279519
0.139393
0.173589
0.027070
0.455626
0.381451
0.184240
0.141194
0.105625
0.162282
0.025071
0.440809
0.124409
0.201910
0.072436
0.437635
0.304056
0.391827
0.098422
0.225852
0.380886
0.216666
0.318232
0.402280
0.087222
0.161336
0.481597
0.354701
0.098773
0.431440
0.023652
0.371609
0.018021
0.065416
0.041185
0.276345
0.284478
0.266503
0.109439
0.038591
0.152303
0.032228
0.205634
0.066851
0.125843
0.410321
0.254387
0.134358
0.493973
0.458266
0.060869
0.142216
0.353481
0.235466
0.147374
0.172323
0.262551
0.405560
0.258614
0.033662
0.414609
0.277200
0.051820
0.254784
0.473342
0.361553
0.236961
0.225654
0.459441
0.274422
0.182638
0.442183
0.329859
0.061266
0.253700
0.056215
0.139897
0.273232
0.395642
0.184591
0.429060
0.372173
0.231925
0.179830
0.221046
0.292962
0.189520
0.316019
0.278802
0.241295
0.418332
0.092853
0.004852
0.054628
0.020310
0.110889
0.127979
0.205145
0.353801
0.221366
0.066530
0.272027
0.428388
0.403317
0.109134
0.461913
0.156682
0.071612
0.303430
0.005142
0.477783
0.268624
0.193442
0.006195
0.118534
0.442854
0.296228
0.076296
0.008271
0.267602
0.458357
0.326365
0.112232
0.202780
0.482910
0.048540
0.199789
0.253059
0.167653
0.164205
0.312708
0.125385
0.144978
0.266762
0.449339
0.239036
0.164083
0.337291
0.230171
0.291375
0.206381
0.461150
0.060488
0.332362
0.074343
0.123692
0.055788
0.051012
0.344752
0.413221
0.245369
0.226875
0.326716
0.209250
0.319956
0.049608
0.415296
0.184317
0.438978
0.260018
0.481140
0.197348
0.362850
0.315302
0.187063
0.406705
0.426283
0.031968
0.371792
0.181188
0.117801
0.409482
0.391858
0.136967
0.281610
0.087359
0.062120
0.378552
0.206900
0.139714
0.085482
0.272103
0.120624
0.159307
0.112537
0.329020
0.349208
0.335124
0.321665
0.028016
0.164754
0.476119
0.160344
0.153813
0.081484
0.184271
0.138218
0.480560
0.118107
0.130406
0.312418
0.378018
0.291406
0.135502
0.356075
0.168950
0.357067
0.010788
0.350276
0.315348
0.063189
0.359935
0.190451
0.261971
0.432066
0.295969
0.247581
0.015397
0.335887
0.276742
0.174795
0.286294
0.382138
0.011322
0.000320
0.273476
0.374035
0.141118
0.397015
0.417615
0.361904
0.148228
0.269326
0.202795
0.050890
0.194693
0.048357
0.334101
0.080920
0.345470
0.335383
0.369259
0.444121
0.378292
0.284753
0.132466
0.055727
0.133564
0.366726
0.488739
0.243950
0.107456
0.400601
0.306452
0.174261
0.241310
0.499252
0.186834
0.473998
0.110309
0.315134
0.287851
0.072771
0.464949
0.228965
0.321162
0.024323
0.327876
0.371197
0.049989
0.325373
0.099796
0.117176
0.366070
0.497269
0.377056
0.446654
0.273827
0.445891
0.434431
0.307978
0.359951
0.365535
0.075961
0.378109
0.076388
0.202368
0.307245
0.358394
0.414991
0.443022
0.031861
0.197378
0.301813
0.244041
0.225684
0.380902
0.289392
0.167867
0.291528
0.180166
0.374874
0.040727
0.047823
0.498535
0.022233
0.198340
0.054094
0.207480
0.216956
0.134861
0.226508
0.112491
0.130665
0.320872
0.446547
0.439482
0.224662
0.205847
0.116031
0.482208
0.369686
0.170858
0.361522
0.301691
0.310724
0.447111
0.341243
0.117817
0.054399
0.265831
0.357753
0.283975
0.007553
0.255455
0.229225
0.485427
0.444823
0.351192
0.122913
0.051775
0.133335
0.233146
0.303385
0.024537
0.193091
0.058321
0.499084
0.369961
0.020417
0.002197
0.340129
0.478210
0.353313
0.375439
0.070544
0.339137
0.306375
0.331492
0.488006
0.035554
0.453703
0.430662
0.314249
0.444502
0.287576
0.076098
0.449309
0.286950
0.131474
0.087741
0.312647
0.417158
0.335139
0.429319
0.224265
0.491485
0.330058
0.354381
0.029115
0.407987
0.373455
0.487075
0.417676
0.157064
0.058824
0.102756
0.145894
0.473891
0.421247
0.124882
0.107959
0.433088
0.215445
0.102863
0.464370
0.376659
0.194998
0.187368
0.278985
0.315363
0.470534
0.368130
0.368023
0.194357
0.275094
0.490112
0.313990
0.163839
0.215018
0.313669
0.347835
0.245064
0.334193
0.134175
0.052370
0.032594
0.069887
0.226981
0.090136
0.323252
0.428388
0.133045
0.408795
0.312449
0.458403
0.051134
0.127094
0.248573
0.350566
0.352062
0.054796
0.185995
0.240898
0.480514
0.049425
0.227256
0.046587
0.260369
0.162984
0.395260
0.412076
0.368908
0.281976
0.025864
0.093677
0.495437
0.213599
0.321711
0.360714
0.450377
0.421476
0.457671
0.241493
0.239906
0.363750
0.378857
0.191977
0.372311
0.136998
0.181448
0.015610
0.411130
0.378948
0.217338
0.112140
0.041231
0.132862
0.312845
0.383633
0.163076
0.127354
0.242485
0.375942
0.280969
0.173956
0.348155
0.483566
0.200842
0.136341
0.444441
0.296182
0.303308
0.173681
0.400708
0.414884
0.407498
0.211707
0.040635
0.316202
0.491272
0.344340
0.249641
0.092135
0.283639
0.119190
0.430998
0.144459
0.494781
0.409970
0.201254
0.160863
0.199332
0.328791
0.465438
0.451933
0.138844
0.381832
0.262856
0.476135
0.458510
0.321223
0.023957
0.131779
0.144322
0.396237
0.129032
0.143513
0.175954
0.457198
0.409238
0.121693
0.161077
0.114917
0.480590
0.122745
0.466796
0.408994
0.051698
0.288629
0.113681
0.187979
0.095706
0.393551
0.448363
0.154622
0.027085
0.376019
0.359645
0.279244
0.273965
0.184301
0.054704
0.034440
0.386563
0.013627
0.160070
0.154164
0.072481
0.262963
0.163610
0.370357
0.299249
0.289773
0.462935
0.330226
0.354900
0.290643
0.035890
0.147374
0.007309
0.386090
0.498718
0.289773
0.152623
0.237556
0.067476
0.257805
0.093616
0.274789
0.188620
0.255470
0.338664
0.361629
0.353832
0.307901
0.061678
0.478484
0.365322
0.028184
0.113971
0.249413
0.066836
0.486969
0.228339
0.392315
0.306116
0.387356
0.306299
0.419691
0.144383
0.499023
0.428816
0.168905
0.078646
0.053850
0.481460
0.489425
0.292199
0.056917
0.034242
0.165471
0.199118
0.215430
0.367214
0.402280
0.298349
0.439055
0.281838
0.453673
0.102954
0.114612
0.089557
0.219703
0.160192
0.108386
0.417371
0.391842
0.428068
0.199026
0.221595
0.474380
0.023850
0.394208
0.150304
0.259743
0.110477
0.334346
0.144841
0.086230
0.436110
0.236167
0.421400
0.455885
0.292642
0.079653
0.223014
0.341014
0.408918
0.491028
0.482727
0.257225
0.043992
0.025361
0.288430
0.431257
0.296335
0.301675
0.290262
0.141499
0.394314
0.193579
0.440809
0.059771
0.483978
0.028871
0.209021
0.171926
0.179281
0.000992
0.158528
0.105777
0.390927
0.245384
0.030564
0.444502
0.198798
0.284295
0.222617
0.353282
0.284280
0.292550
0.303110
0.097766
0.187613
0.388012
0.452910
0.282144
0.406049
0.399442
0.474120
0.385083
0.098560
0.314997
0.256966
0.421659
0.412564
0.364589
0.345317
0.309366
0.198263
0.439192
0.491394
0.266442
0.126499
0.300027
0.340388
0.320399
0.475341
0.281121
0.135655
0.255089
0.101321
0.437986
0.084933
0.074511
0.361049
0.345759
0.278405
0.311075
0.498230
0.499969
0.299097
0.256966
0.262597
0.022843
0.416318
0.446333
0.275552
0.128498
0.002670
0.466643
0.408750
0.049913
0.065416
0.427244
0.190802
0.381161
0.032624
0.163274
0.008087
0.037553
0.184912
0.003128
0.115055
0.287301
0.373226
0.177343
0.219703
0.057375
0.413495
0.197378
0.159932
0.467147
0.298578
0.282189
0.436354
0.292383
0.118198
0.160802
0.117038
0.313395
0.327708
0.328913
0.380215
0.249809
0.255745
0.087771
0.209937
0.235496
0.492187
0.443510
0.011078
0.036637
0.046297
0.194693
0.158589
0.466140
0.416166
0.286752
0.247093
0.197348
0.459868
0.260979
0.056307
0.430479
0.208960
0.376415
0.497864
0.114414
0.015091
0.232673
0.059191
0.177725
0.170125
0.471984
0.010208
0.471129
0.390606
0.388333
0.388134
0.375362
0.307062
0.022019
0.026414
0.277017
0.348842
0.067660
0.143208
0.365719
0.165044
0.173849
0.254891
0.455733
0.472320
0.462477
0.430662
0.285104
0.469863
0.345882
0.153325
0.495453
0.212561
0.470153
0.302347
0.245521
0.082812
0.362300
0.024476
0.161733
0.251381
0.109790
0.007721
0.078707
0.268395
0.150426
0.424345
0.272973
0.174673
0.000610
0.058260
0.142888
0.274285
0.000397
0.382839
0.038194
0.458785
0.403027
0.104373
0.191809
0.223945
0.387509
0.437040
0.457564
0.269341
0.322108
0.124928
0.306452
0.321741
0.356914
0.476852
0.285134
0.072558
0.173666
0.429212
0.389142
0.370449
0.470931
0.403211
0.054399
0.059084
0.012696
0.471282
0.220161
0.101413
0.318751
0.098849
0.166066
0.380337
0.324488
0.477004
0.076983
0.317057
0.088824
0.211417
0.038453
0.197256
0.378018
0.383526
0.415830
0.346004
0.203497
0.249245
0.320460
0.041765
0.142064
0.091159
0.115818
0.310617
0.016343
0.489517
0.166860
0.490509
0.263710
0.027848
0.285623
0.207114
0.071902
0.198935
0.076266
0.151143
0.109287
0.026200
0.132633
0.298151
0.427976
0.167028
0.291498
0.461303
0.367977
0.012803
0.394574
0.317835
0.040361
0.051790
0.262444
0.299768
0.217780
0.010300
0.333598
0.489395
0.210166
0.037843
0.171484
0.410428
0.054048
0.451796
0.293023
0.355190
0.093463
0.307230
0.021378
0.138524
0.280496
0.307764
0.316416
0.419294
0.273736
0.322550
0.285669
0.479537
0.162709
0.025590
0.329218
0.102603
0.396451
0.422681
0.121479
0.440413
0.244179
0.281503
0.382931
0.010437
0.366466
0.230979
0.145070
0.213523
0.324778
0.044923
0.461730
0.012528
0.107700
0.376034
0.269601
0.162923
0.001816
0.455596
0.351588
0.135670
0.385510
0.024766
0.105518
0.123173
0.273583
0.012833
0.071947
0.268792
0.191290
0.228233
0.423582
0.010681
0.205267
0.077715
0.369900
0.180502
0.189947
0.079760
0.180029
0.247566
0.157537
0.187292
0.276696
0.349208
0.229469
0.185705
0.104709
0.497894
0.077578
0.181722
0.227027
0.105640
0.413297
0.448622
0.351329
0.216575
0.352565
0.143620
0.240562
0.088000
0.235099
0.162923
0.210334
0.010743
0.225684
0.150060
0.166189
0.009476
0.275964
0.423200
0.384381
0.313456
0.274636
0.337016
0.488571
0.238365
0.464248
0.344813
0.326182
0.370098
0.452727
0.276315
0.197256
0.190634
0.397778
0.097140
0.138890
0.037202
0.192267
0.165090
0.218482
0.034944
0.228645
0.249321
0.039003
0.393811
0.070681
0.327738
0.409162
0.210379
0.110462
0.428388
0.381787
0.165212
0.038972
0.030335
0.113544
0.256325
0.208167
0.289956
0.249046
0.459365
0.212806
0.107669
0.282434
0.455229
0.270211
0.301538
0.099689
0.315653
0.225898
0.402615
0.154759
0.287515
0.263375
0.338160
0.482498
0.066271
0.146153
0.018113
0.001724
0.199332
0.070055
0.090548
0.311518
0.010010
0.454131
0.381664
0.433531
0.182485
0.247978
0.285928
0.204016
0.398633
0.084033
0.122181
0.268319
0.167104
0.352504
0.221091
0.380840
0.235618
0.027314
0.259606
0.464064
0.226676
0.321360
0.108234
0.129276
0.387616
0.498611
0.206656
0.112506
0.095614
0.421934
0.233085
0.328501
0.008118
0.164205
0.083453
0.495972
0.499420
0.261040
0.425611
0.037400
0.273949
0.433241
0.344401
0.206290
0.297128
0.357173
0.343242
0.145039
0.433973
0.311029
0.217627
0.326685
0.436522
0.275246
0.066530
0.083483
0.170461
0.315165
0.456969
0.175695
0.221610
0.323939
0.007462
0.103244
0.272942
0.454054
0.406384
0.113987
0.392758
0.315348
0.130039
0.111133
0.124516
0.267846
0.376980
0.413388
0.019211
0.387371
0.483520
0.070635
0.000641
0.432096
0.336390
0.188543
0.204291
0.388379
0.048128
0.464888
0.180563
0.423597
0.410764
0.391110
0.102817
0.324519
0.393323
0.321940
0.371014
0.249031
0.199179
0.366329
0.251305
0.369518
0.148350
0.302774
0.442625
0.235954
0.400708
0.472228
0.210471
0.436872
0.285607
0.351619
0.478774
0.386273
0.253700
0.261193
0.020356
0.314646
0.216239
0.408826
0.136784
0.292276
0.287881
0.224204
0.467910
0.362789
0.198370
0.186346
0.321970
0.115223
0.388745
0.097339
0.166982
0.272790
0.057817
0.005509
0.173727
0.126225
0.174474
0.231086
0.451079
0.390072
0.221320
0.197546
0.364513
0.309885
0.185507
0.021821
0.078173
0.098636
0.062166
0.066317
0.211142
0.030229
0.386334
0.406064
0.248604
0.268426
0.058473
0.413877
0.098590
0.259270
0.480071
0.417035
0.434858
0.265038
0.263848
0.128178
0.216361
0.368007
0.035356
0.303873
0.024339
0.021989
0.090579
0.333674
0.107242
0.479949
0.425871
0.213218
0.274377
0.175527
0.405423
0.104007
0.028733
0.387082
0.082171
0.433393
0.079806
0.261803
0.437651
0.237541
0.126804
0.028474
0.056261
0.200980
0.053056
0.476775
0.499954
0.095187
0.422239
0.031236
0.398495
0.070070
0.416746
0.498321
0.021439
0.000809
0.109424
0.314035
0.346995
0.343791
0.208670
0.371105
0.393536
0.204123
0.167821
0.253090
0.329661
0.068499
0.299554
0.453871
0.127995
0.406049
0.285623
0.410764
0.278619
0.090442
0.222922
0.429075
0.327754
0.346629
0.096133
0.326487
0.257164
0.174841
0.317850
0.375271
0.470077
0.455473
0.226661
0.370373
0.399182
0.187597
0.183935
0.401822
0.002228
0.064531
0.159780
0.159124
0.161122
0.339381
0.448943
0.346202
0.249733
0.183615
0.407193
0.034639
0.386502
0.492279
0.348827
0.033692
0.137059
0.338176
0.496017
0.104953
0.182791
0.028947
0.120350
0.099765
0.220786
0.469726
0.267647
0.347835
0.110874
0.284326
0.206137
0.374722
0.035356
0.398785
0.489105
0.276727
0.187048
0.039567
0.272271
0.331019
0.251259
0.350215
0.276803
0.169286
0.197409
0.078951
0.038331
0.093036
0.145741
0.041124
0.332911
0.358470
0.324900
0.308802
0.420087
0.009354
0.385998
0.331278
0.494232
0.085879
0.088641
0.439253
0.484390
0.287484
0.124851
0.435942
0.093387
0.417997
0.096011
0.228309
0.216895
0.191153
0.409055
0.201331
0.132832
0.224509
0.106983
0.288598
0.102130
0.300058
0.399838
0.442442
0.271035
0.219443
0.411176
0.456389
0.015992
0.332163
0.406262
0.343501
0.121372
0.064623
0.017197
0.223289
0.430921
0.028413
0.230827
0.420804
0.363430
0.035707
0.154759
0.230415
0.433363
0.100070
0.327708
0.048128
0.166860
0.250710
0.088977
0.324946
0.053972
0.238395
0.273476
0.044664
0.427702
0.460997
0.247368
0.179357
0.410169
0.186972
0.050249
0.325343
0.317164
0.404798
0.159352
0.473037
0.161061
0.376461
0.141453
0.113712
0.143056
0.223258
0.208136
0.136326
0.275277
0.121860
0.439985
0.217414
0.023484
0.438932
0.195257
0.157353
0.110813
0.382275
0.468932
0.366024
0.373302
0.496796
0.217414
0.451003
0.307779
0.083163
0.414777
0.111408
0.202841
0.367733
0.356029
0.290597
0.493347
0.001144
0.473098
0.290689
0.229286
0.214637
0.179113
0.302149
0.299432
0.211234
0.006729
0.051576
0.300531
0.120823
0.055834
0.020798
0.192694
0.096576
0.016602
0.440291
0.131428
0.381161
0.283349
0.010163
0.117176
0.420804
0.424772
0.051912
0.352718
0.355419
0.026292
0.043825
0.449355
0.462706
0.170186
0.243355
0.372250
0.384487
0.068789
0.349559
0.265679
0.213523
0.116962
0.408658
0.048860
0.268715
0.378857
0.415906
0.422758
0.136799
0.275018
0.316919
0.178762
0.309046
0.485321
0.361400
0.449812
0.490509
0.333262
0.012711
0.294275
0.410474
0.167364
0.366131
0.253807
0.211875
0.005310
0.278954
0.275155
0.248054
0.456404
0.165899
0.137059
0.364711
0.187780
0.162282
0.272530
0.495483
0.450560
0.108905
0.127308
0.149052
0.430815
0.060961
0.445128
0.116016
0.441633
0.274834
0.120228
0.473556
0.221442
0.375271
0.008087
0.216086
0.354534
0.156529
0.334574
0.090121
0.079211
0.220389
0.094424
0.461241
0.499268
0.404126
0.079714
0.291345
0.464415
0.201788
0.428694
0.054659
0.135304
0.131642
0.335780
0.170080
0.498764
0.253136
0.313425
0.278283
0.348674
0.286248
0.146153
0.441847
0.498627
0.036668
0.427900
0.096133
0.241264
0.079730
0.322626
0.329524
0.320688
0.406125
0.439528
0.320536
0.432875
0.482818
0.462889
0.010651
0.020219
0.432035
0.427610
0.340464
0.375652
0.281640
0.280709
0.127247
0.321757
0.489731
0.119724
0.412656
0.481002
0.197012
0.248421
0.357906
0.402203
0.409665
0.440535
0.015107
0.059099
0.066027
0.052080
0.052705
0.486709
0.190313
0.373089
0.263085
0.070818
0.086154
0.358974
0.430509
0.256722
0.273583
0.132679
0.387631
0.192175
0.121967
0.397763
0.338557
0.070803
0.382687
0.153218
0.276574
0.191259
0.074160
0.350963
0.074877
0.497772
0.422559
0.385952
0.078082
0.117756
0.311335
0.060167
0.273034
0.162343
0.442686
0.410855
0.366649
0.304849
0.164006
0.043489
0.349315
0.403516
0.162572
0.360469
0.371609
0.183660
0.481384
0.325724
0.012604
0.245079
0.059572
0.156224
0.268120
0.410260
0.250328
0.080859
0.336558
0.178961
0.019333
0.057237
0.030808
0.305048
0.277200
0.087237
0.394391
0.260826
0.048631
0.021683
0.349620
0.104785
0.431822
0.495071
0.456206
0.018326
0.050783
0.380596
0.108402
0.026978
0.454237
0.406522
0.248665
0.171850
0.163579
0.324168
0.426008
0.146870
0.323786
0.268319
0.277322
0.167608
0.159597
0.200644
0.259621
0.086901
0.190786
0.076785
0.211356
0.023453
0.409162
0.127613
0.070971
0.018601
0.370647
0.395474
0.330866
0.487045
0.405652
0.415845
0.054720
0.477142
0.400525
0.185202
0.036576
0.006470
0.353526
0.305597
0.429518
0.488189
0.158422
0.446654
0.422208
0.013627
0.318567
0.015473
0.291513
0.007385
0.044908
0.175405
0.409116
0.019730
0.440870
0.103732
0.030366
0.172414
0.227210
0.129597
0.443648
0.023637
0.210181
0.142125
0.307825
0.367275
0.445845
0.409940
0.256859
0.232521
0.303827
0.202216
0.098621
0.099307
0.383755
0.352306
0.186850
0.095080
0.487075
0.154210
0.294061
0.188726
0.097980
0.232826
0.063433
0.147206
0.076022
0.278298
0.368084
0.270440
0.013825
0.285440
0.155477
0.170232
0.463042
0.188467
0.105640
0.108615
0.481429
0.031999
0.180609
0.161611
0.204566
0.068819
0.393887
0.223563
0.394910
0.424879
0.377560
0.118122
0.171590
0.222449
0.075518
0.331202
0.374065
0.301904
0.140797
0.131596
0.262520
0.432691
0.364956
0.095019
0.008469
0.154149
0.217994
0.297067
0.178503
0.137013
0.326716
0.190573
0.164159
0.205847
0.469604
0.433515
0.261422
0.413358
0.416517
0.182348
0.352672
0.307047
0.191183
0.117069
0.394238
0.278893
0.084735
0.213263
0.162816
0.138630
0.498245
0.026719
0.463836
0.301386
0.442534
0.006638
0.254723
0.229987
0.273385
0.102481
0.386486
0.023057
0.490204
0.180639
0.416517
0.288995
0.176153
0.016114
0.195715
0.196875
0.408307
0.375195
0.183432
0.344646
0.215278
0.454375
0.192694
0.335383
0.411191
0.191488
0.019532
0.202109
0.383435
0.214576
0.159093
0.072008
0.162923
0.443907
0.061754
0.210349
0.354488
0.113010
0.132511
0.335002
0.255882
0.224448
0.426588
0.342128
0.243309
0.205466
0.244392
0.333567
0.251732
0.279778
0.079196
0.086627
0.428007
0.320521
0.120334
0.356883
0.284967
0.200552
0.265160
0.154576
0.434690
0.405210
0.343059
0.385342
0.228889
0.423505
0.004410
0.495743
0.384762
0.183233
0.477767
0.014344
0.424192
0.045732
0.148122
0.129002
0.004639
0.125690
0.159993
0.190725
0.469863
0.451872
0.497635
0.285073
0.198111
0.234245
0.246117
0.261498
0.076800
0.253304
0.486221
0.361385
0.180929
0.136845
0.026093
0.335215
0.483840
0.040300
0.423170
0.189779
0.178289
0.495911
0.498993
0.455779
0.436155
0.446425
0.300485
0.116581
0.184439
0.229072
0.210730
0.088809
0.226371
0.025376
0.161977
0.395169
0.284997
0.042329
0.154637
0.420438
0.298059
0.440657
0.034883
0.391003
0.041719
0.275811
0.234214
0.468642
0.411756
0.467299
0.424085
0.099246
0.439802
0.061876
0.288598
0.007050
0.373440
0.306467
0.368664
0.474899
0.397549
0.295984
0.180395
0.301370
0.325587
0.212363
0.061129
0.075243
0.338710
0.419706
0.446120
0.158040
0.100696
0.431684
0.028962
0.015030
0.327265
0.016541
0.009033
0.285730
0.137272
0.455565
0.378857
0.234046
0.264626
0.220161
0.454649
0.469100
0.458342
0.084017
0.103259
0.077105
0.149434
0.434965
0.368450
0.055071
0.212470
0.302957
0.449614
0.186758
0.399884
0.369411
0.236396
0.251762
0.277337
0.473586
0.351894
0.208243
0.238319
0.381680
0.407834
0.239753
0.425672
0.334315
0.424833
0.307169
0.138707
0.137852
0.120777
0.095920
0.053758
0.315348
0.020508
0.499527
0.336268
0.082644
0.089923
0.029740
0.472594
0.165471
0.347560
0.294275
0.399792
0.222633
0.156941
0.432218
0.261208
0.391675
0.152684
0.148457
0.366344
0.221885
0.003433
0.237068
0.182806
0.010926
0.464949
0.234748
0.438658
0.310190
0.426283
0.094668
0.163274
0.114795
0.402295
0.021531
0.244758
0.003815
0.175542
0.358333
0.332133
0.246300
0.040742
0.165487
0.160314
0.138676
0.354869
0.383114
0.126133
0.089373
0.346049
0.216666
0.193396
0.215995
0.384396
0.137181
0.455214
0.470870
0.167791
0.136067
0.431684
0.060533
0.026048
0.125645
0.431013
0.174902
0.296060
0.125721
0.052278
0.291375
0.471603
0.126865
0.157933
0.069979
0.080554
0.271249
0.394024
0.104968
0.492889
0.241279
0.086612
0.048280
0.112262
0.496994
0.092135
0.370983
0.154790
0.252709
0.430006
0.277718
0.467589
0.333506
0.275597
0.040391
0.090625
0.302255
0.141758
0.266305
0.014939
0.497726
0.326838
0.366329
0.340037
0.374569
0.457427
0.239189
0.284021
0.285485
0.204031
0.437056
0.249321
0.096683
0.497772
0.328089
0.397259
0.276635
0.325907
0.021912
0.434416
0.349391
0.434950
0.073214
0.064119
0.352565
0.018891
0.229377
0.306177
0.190985
0.220969
0.237724
0.137684
0.026353
0.027024
0.477813
0.158422
0.093692
0.378674
0.434706
0.233757
0.085284
0.084124
0.278619
0.318171
0.492431
0.355281
0.066591
0.412580
0.045961
0.048585
0.332026
0.358608
0.146092
0.438444
0.077197
0.422895
0.421903
0.100635
0.435224
0.374477
0.311533
0.234642
0.016053
0.008621
0.303522
0.002106
0.203101
0.319941
0.229728
0.210379
0.415418
0.278054
0.250847
0.418729
0.101444
0.409009
0.424726
0.295541
0.479766
0.135380
0.498489
0.304788
0.292611
0.078387
0.314844
0.049455
0.087664
0.274941
0.473266
0.350566
0.293771
0.012909
0.136662
0.389477
0.106296
0.237754
0.124271
0.491958
0.447615
0.233406
0.181219
0.381893
0.018387
0.030793
0.065477
0.482818
0.205466
0.247063
0.342891
0.095508
0.361644
0.308496
0.030763
0.029649
0.223151
0.260384
0.480743
0.017655
0.480697
0.116977
0.141530
0.488998
0.269051
0.454558
0.092257
0.032731
0.091601
0.200690
0.486785
0.127049
0.444853
0.323252
0.299829
0.463118
0.158773
0.371502
0.015641
0.442061
0.218757
0.073168
0.149434
0.172781
0.084414
0.440321
0.242561
0.048982
0.271249
0.086856
0.222022
0.233314
0.210501
0.211371
0.264748
0.126881
0.153142
0.448027
0.057375
0.152348
0.133198
0.038667
0.092318
0.428510
0.256447
0.029542
0.390393
0.164647
0.329859
0.445296
0.290933
0.352733
0.097476
0.143818
0.199911
0.085604
0.098422
0.304910
0.436735
0.079241
0.412580
0.255654
0.070086
0.227287
0.309458
0.086032
0.384030
0.265816
0.066301
0.257622
0.364162
0.376843
0.470489
0.158544
0.345347
0.308069
0.272210
0.307978
0.210837
0.337672
0.103046
0.162954
0.284021
0.161748
0.125919
0.231101
0.303064
0.032823
0.432112
0.441954
0.119221
0.227470
0.450972
0.480300
0.009415
0.171072
0.388028
0.034547
0.243629
0.298029
0.456893
0.163244
0.297891
0.475402
0.420957
0.232810
0.353374
0.068117
0.209998
0.129856
0.472213
0.474029
0.127873
0.200888
0.090732
0.206610
0.416532
0.122715
0.220710
0.353923
0.192022
0.156713
0.499207
0.491348
0.018403
0.489914
0.477645
0.376843
0.134785
0.116138
0.290948
0.006333
0.101398
0.460448
0.096957
0.357799
0.380245
0.199576
0.427076
0.401639
0.115848
0.482147
0.338710
0.206137
0.132023
0.001083
0.010041
0.215491
0.409848
0.122028
0.167837
0.028977
0.062868
0.020142
0.488845
0.259163
0.074953
0.029221
0.365505
0.297327
0.316492
0.155629
0.176504
0.064211
0.104434
0.460356
0.452910
0.074450
0.322092
0.262566
0.080248
0.392254
0.363918
0.367367
0.427656
0.307077
0.421262
0.271218
0.044008
0.307138
0.374554
0.047990
0.312525
0.178747
0.307459
0.368786
0.203528
0.309870
0.408841
0.358654
0.016861
0.025895
0.277978
0.243461
0.253929
0.035752
0.398770
0.489776
0.010361
0.316416
0.298395
0.391140
0.029817
0.014191
0.156438
0.303720
0.309442
0.190558
0.379498
0.484542
0.397839
0.490982
0.407437
0.235221
0.275979
0.064562
0.266732
0.304804
0.461745
0.313028
0.136387
0.254173
0.228736
0.296609
0.442228
0.235710
0.079989
0.375652
0.245216
0.391110
0.367153
0.415342
0.439177
0.320292
0.195822
0.132328
0.023850
0.325053
0.007660
0.410901
0.468780
0.379925
0.479858
0.167013
0.433454
0.033906
0.132542
0.088412
0.359767
0.195990
0.285089
0.328791
0.202033
0.007401
0.251228
0.484069
0.310327
0.254112
0.414563
0.429243
0.232780
0.022370
0.074129
0.343516
0.452528
0.050630
0.201437
0.002167
0.324656
0.480758
0.499008
0.163030
0.229240
0.461898
0.401502
0.125889
0.205618
0.309931
0.409711
0.292901
0.083743
0.175787
0.398282
0.307978
0.378399
0.425611
0.287606
0.103519
0.461516
0.185965
0.220679
0.432493
0.278603
0.257256
0.135365
0.213874
0.124699
0.348399
0.372951
0.269829
0.245491
0.335932
0.213263
0.282540
0.279214
0.000595
0.477355
0.048906
0.305139
0.444746
0.088031
0.361263
0.013993
0.143239
0.229194
0.092013
0.266152
0.331660
0.494232
0.310877
0.053102
0.184225
0.164449
0.011994
0.127888
0.485015
0.007965
0.279931
0.320124
0.245445
0.239769
0.472045
0.301141
0.471252
0.033357
0.245613
0.315073
0.031816
0.225105
0.007950
0.141301
0.335429
0.101260
0.117313
0.303949
0.263009
0.408826
0.412992
0.294168
0.064058
0.480605
0.402631
0.320612
0.167486
0.115162
0.184957
0.354045
0.110553
0.102268
0.435865
0.481262
0.039247
0.034440
0.036164
0.334483
0.483016
0.295404
0.169073
0.111362
0.356929
0.365612
0.465560
0.451537
0.394711
0.336207
0.025559
0.185186
0.465392
0.271233
0.393536
0.219367
0.476943
0.309336
0.315912
0.077609
0.319941
0.145192
0.359233
0.358516
0.054415
0.281625
0.216468
0.128742
0.292947
0.192663
0.280221
0.016556
0.483184
0.288522
0.310373
0.020753
0.042940
0.322794
0.274850
0.301401
0.050935
0.132847
0.191122
0.467391
0.446318
0.353694
0.046983
0.126850
0.440046
0.496185
0.128498
0.215842
0.091418
0.030045
0.333247
0.370922
0.252770
0.362590
0.297143
0.361354
0.335246
0.353206
0.412809
0.346507
0.099307
0.255058
0.067583
0.474044
0.422514
0.223746
0.179617
0.084552
0.248100
0.284295
0.359691
0.038362
0.167333
0.396558
0.277261
0.429823
0.338740
0.009995
0.058748
0.205145
0.197394
0.248390
0.296121
0.449034
0.157369
0.114795
0.493957
0.355953
0.260521
0.357997
0.033158
0.151585
0.474593
0.390439
0.479400
0.480102
0.093890
0.398663
0.314264
0.022813
0.445769
0.036714
0.417646
0.364071
0.355617
0.343272
0.378933
0.369625
0.074038
0.272820
0.465697
0.093478
0.118915
0.481964
0.327540
0.478698
0.235664
0.261040
0.263543
0.367550
0.428770
0.252068
0.131169
0.087207
0.267830
0.343211
0.225120
0.125996
0.421003
0.380856
0.203818
0.166112
0.119160
0.089496
0.391949
0.488586
0.003952
0.340480
0.037156
0.015687
0.062578
0.159734
0.348964
0.006958
0.102710
0.115635
0.397870
0.173879
0.470641
0.477218
0.203192
0.229255
0.465575
0.283593
0.087313
0.136891
0.153462
0.215079
0.124729
0.076876
0.033311
0.406781
0.263909
0.392499
0.259148
0.095080
0.450194
0.034059
0.370800
0.237892
0.327769
0.265633
0.236595
0.499008
0.348796
0.149815
0.161092
0.237449
0.368053
0.076724
0.360973
0.392361
0.050844
0.352367
0.262185
0.403867
0.172735
0.112278
0.321574
0.060839
0.138768
0.076037
0.325999
0.416028
0.300821
0.408124
0.372173
0.159078
0.400632
0.200858
0.480163
0.088382
0.217154
0.345149
0.043947
0.071993
0.246101
0.304392
0.072024
0.138539
0.489685
0.057466
0.420957
0.088626
0.185034
0.226218
0.475463
0.267312
0.049135
0.153127
0.477828
0.388440
0.368465
0.444899
0.459822
0.051271
0.011460
0.247322
0.480331
0.340190
0.192099
0.267403
0.121708
0.147923
0.062410
0.308069
0.448195
0.113208
0.462371
0.331156
0.379101
0.313166
0.404965
0.314478
0.180471
0.101276
0.124912
0.418348
0.027879
0.231468
0.268914
0.227348
0.343547
0.158925
0.055605
0.082949
0.361171
0.158361
0.483352
0.272500
0.121342
0.150243
0.414090
0.090258
0.350780
0.375622
0.111209
0.036348
0.428388
0.310266
0.059740
0.168706
0.391491
0.458724
0.146733
0.374218
0.185080
0.418744
0.030274
0.074343
0.107562
0.357006
0.275063
0.130955
0.155675
0.286493
0.082644
0.467925
0.222053
0.286248
0.194632
0.174215
0.348582
0.054231
0.296686
0.104129
0.488281
0.433699
0.001846
0.240074
0.479339
0.303919
0.240989
0.333766
0.184027
0.475707
0.138462
0.091327
0.495941
0.482528
0.201544
0.418027
0.168249
0.407727
0.401181
0.488113
0.166768
0.138432
0.472686
0.155538
0.000122
0.186987
0.014069
0.471145
0.230979
0.470229
0.210623
0.321818
0.120731
0.187521
0.263268
0.457457
0.111377
0.188025
0.349467
0.421186
0.097186
0.467757
0.194235
0.148534
0.189795
0.187292
0.079745
0.251213
0.429304
0.350536
0.371532
0.251061
0.145009
0.035203
0.389386
0.279748
0.418668
0.315790
0.201102
0.010086
0.353160
0.269463
0.167257
0.334284
0.100345
0.205573
0.315027
0.054811
0.350536
0.009583
0.369213
0.103931
0.237053
0.241630
0.018754
0.056703
0.359081
0.380810
0.246559
0.453948
0.375683
0.355480
0.300974
0.200201
0.374248
0.250343
0.137074
0.052568
0.466536
0.330988
0.405713
0.465987
0.315317
0.276254
0.318567
0.310572
0.044893
0.259468
0.467284
0.226630
0.238426
0.268731
0.424848
0.133122
0.475311
0.307245
0.207373
0.154820
0.111820
0.364010
0.424268
0.484344
0.258019
0.295740
0.194998
0.444075
0.153859
0.010559
0.160710
0.264168
0.398251
0.094012
0.168569
0.341884
0.233314
0.268090
0.457152
0.497879
0.337825
0.323923
0.420850
0.495483
0.332316
0.418714
0.281625
0.337962
0.449293
0.377590
0.246055
0.110019
0.071688
0.390881
0.475784
0.378658
0.092532
0.247597
0.449721
0.419309
0.298975
0.495651
0.045854
0.282846
0.233970
0.169454
0.420957
0.468947
0.238624
0.475555
0.016236
0.221534
0.128162
0.076785
0.267159
0.212043
0.205054
0.365886
0.345439
0.125813
0.061937
0.368801
0.011353
0.417524
0.377956
0.168600
0.404645
0.251274
0.161107
0.490478
0.351894
0.390683
0.140233
0.338542
0.018708
0.054979
0.259468
0.325022
0.484756
0.006455
0.478332
0.082339
0.069674
0.384991
0.330592
0.399060
0.488296
0.055193
0.445158
0.469771
0.162786
0.482147
0.481872
0.400159
0.270516
0.400708
0.185522
0.357448
0.355037
0.294687
0.011200
0.006897
0.078875
0.451094
0.023957
0.125294
0.446104
0.105136
0.026109
0.031495
0.072481
0.441908
0.115131
0.225333
0.331950
0.469787
0.125385
0.374844
0.456893
0.031861
0.156758
0.042955
0.420835
0.470550
0.143254
0.294031
0.181372
0.211035
0.164937
0.070803
0.111713
0.279534
0.455962
0.482589
0.198675
0.021531
0.312113
0.395108
0.335459
0.035966
0.350948
0.462905
0.287317
0.090793
0.327418
0.494476
0.158162
0.035615
0.458525
0.291360
0.436293
0.477157
0.459593
0.351222
0.447295
0.232749
0.245933
0.075945
0.292367
0.328150
0.002335
0.375240
0.100131
0.054567
0.074068
0.306284
0.169897
0.351207
0.382244
0.140278
0.334864
0.028260
0.316584
0.496246
0.123005
0.096805
0.309137
0.432844
0.044023
0.220328
0.041475
0.138966
0.080386
0.054231
0.489059
0.113407
0.210562
0.488601
0.255364
0.474532
0.042604
0.059755
0.399518
0.290368
0.386303
0.046678
0.209937
0.069933
0.341792
0.017319
0.127522
0.306253
0.233024
0.340922
0.271310
0.211753
0.463973
0.431761
0.269875
0.036668
0.125919
0.239845
0.351497
0.111164
0.433790
0.254494
0.396130
0.001541
0.319666
0.036073
0.402615
0.421552
0.261803
0.041765
0.073870
0.288980
0.176901
0.260872
0.473540
0.068560
0.454237
0.425321
0.456786
0.291589
0.459243
0.310999
0.329005
0.392758
0.085208
0.395566
0.434874
0.255303
0.180807
0.388226
0.131321
0.104526
0.431639
0.397351
0.347438
0.140736
0.024232
0.251274
0.184378
0.051881
0.170263
0.238136
0.258461
0.296991
0.319224
0.280251
0.240455
0.300378
0.137684
0.308679
0.294473
0.447951
0.083468
0.353633
0.369213
0.025681
0.152409
0.116260
0.044954
0.491195
0.126270
0.037675
0.389401
0.218833
0.399747
0.130390
0.025239
0.109226
0.214515
0.088412
0.363033
0.203574
0.378994
0.440992
0.201910
0.193411
0.301157
0.266091
0.151952
0.466628
0.413297
0.229087
0.080630
0.080157
0.316279
0.462127
0.037019
0.300150
0.221809
0.050066
0.356609
0.099933
0.020569
0.138508
0.399777
0.256890
0.054521
0.429350
0.127430
0.438414
0.421415
0.079852
0.466491
0.417737
0.389554
0.270562
0.168523
0.310404
0.251274
0.457778
0.114872
0.471755
0.192785
0.076281
0.270959
0.446181
0.008866
0.207877
0.243248
0.108814
0.240318
0.481262
0.141896
0.390255
0.062548
0.219169
0.202109
0.224708
0.003067
0.098025
0.367489
0.112751
0.316401
0.336070
0.288324
0.438627
0.094150
0.175222
0.438200
0.433241
0.438734
0.172796
0.301721
0.423292
0.278558
0.068178
0.336772
0.257012
0.153050
0.240425
0.164266
0.047517
0.045473
0.022248
0.188574
0.123966
0.091678
0.386227
0.101733
0.331385
0.243049
0.268410
0.474548
0.069887
0.211646
0.045625
0.387768
0.213630
0.275643
0.431455
0.306467
0.300333
0.273309
0.306803
0.150578
0.131901
0.363567
0.250801
0.264992
0.176885
0.381298
0.287454
0.242088
0.415235
0.365413
0.113620
0.299982
0.016053
0.088061
0.324351
0.169530
0.489166
0.162755
0.400555
0.193335
0.200583
0.059893
0.475295
0.089633
0.393292
0.107471
0.143880
0.084475
0.103198
0.305429
0.333537
0.365215
0.111408
0.031449
0.498291
0.058214
0.323099
0.466659
0.154714
0.184362
0.213996
0.318918
0.024033
0.295068
0.234626
0.172430
0.296396
0.242073
0.313379
0.041124
0.282678
0.284265
0.348689
0.454543
0.469893
0.484390
0.331217
0.153737
0.245231
0.099033
0.486526
0.226127
0.304865
0.414975
0.078707
0.256462
0.012894
0.234596
0.266091
0.322825
0.226142
0.464370
0.149022
0.415387
0.350307
0.008438
0.400876
0.106128
0.143269
0.421537
0.122517
0.047731
0.031114
0.023301
0.311197
0.129551
0.452406
0.428083
0.084185
0.369152
0.496384
0.192541
0.048036
0.367077
0.350810
0.034822
0.453856
0.403439
0.325037
0.327967
0.029405
0.004105
0.463775
0.320948
0.128651
0.054811
0.017319
0.290323
0.089145
0.291147
0.284066
0.075701
0.438200
0.242729
0.090335
0.202109
0.338237
0.459624
0.423933
0.042451
0.412091
0.099048
0.486312
0.223014
0.338679
0.200552
0.179495
0.225394
0.359996
0.227897
0.293237
0.387768
0.089740
0.205496
0.407743
0.258675
0.264321
0.027894
0.278176
0.006546
0.326914
0.270074
0.215964
0.338008
0.485153
0.076922
0.232917
0.127918
0.133061
0.459975
0.463698
0.214805
0.277917
0.079379
0.132115
0.064119
0.362453
0.339503
0.077181
0.252922
0.123447
0.375958
0.104114
0.479064
0.376919
0.262535
0.176366
0.047655
0.370602
0.015885
0.214026
0.038606
0.094745
0.226142
0.014267
0.107471
0.191214
0.391766
0.059542
0.123600
0.352046
0.286493
0.229026
0.098117
0.347819
0.436750
0.179083
0.105136
0.076525
0.037416
0.408246
0.149266
0.273644
0.384350
0.272454
0.182501
0.273827
0.151418
0.466048
0.223685
0.465209
0.090686
0.234184
0.283578
0.326380
0.483230
0.332469
0.048799
0.187384
0.419309
0.499084
0.027665
0.104678
0.235710
0.455428
0.110950
0.491073
0.188360
0.200537
0.250984
0.391186
0.188498
0.115192
0.211921
0.043077
0.180441
0.141163
0.094455
0.116565
0.488998
0.051302
0.088122
0.268929
0.214820
0.076067
0.154164
0.408658
0.005753
0.402081
0.092288
0.307779
0.282205
0.308481
0.194235
0.453597
0.244728
0.456481
0.437513
0.280038
0.242042
0.097980
0.422178
0.169805
0.327540
0.218650
0.003952
0.367473
0.082232
0.381268
0.326838
0.194327
0.032655
0.284829
0.208014
0.205771
0.241432
0.305231
0.078753
0.181524
0.398892
0.032807
0.433851
0.089602
0.493805
0.072787
0.493072
0.414518
0.391324
0.123905
0.027619
0.490249
0.396283
0.101032
0.054872
0.228950
0.129917
0.317377
0.354167
0.385586
0.298349
0.491882
0.007187
0.249397
0.180517
0.097385
0.415983
0.402768
0.414304
0.315348
0.001267
0.438093
0.408307
0.112491
0.035020
0.273232
0.457991
0.205267
0.309519
0.456328
0.393872
0.427580
0.096759
0.100330
0.340129
0.267418
0.100879
0.338252
0.411725
0.088244
0.356868
0.439360
0.428022
0.300287
0.278756
0.477218
0.471267
0.497894
0.310297
0.190130
0.367824
0.328242
0.381359
0.424574
0.420392
0.107059
0.122990
0.302149
0.469359
0.447233
0.044603
0.001022
0.111393
0.415433
0.125980
0.292062
0.153325
0.483032
0.027573
0.220481
0.129566
0.286264
0.372051
0.073794
0.461119
0.461898
0.300287
0.026322
0.084216
0.073382
0.254845
0.101184
0.127018
0.393796
0.194174
0.340297
0.462096
0.060564
0.190558
0.322947
0.213065
0.368114
0.114963
0.423750
0.043504
0.213584
0.362011
0.450316
0.306207
0.461821
0.318003
0.051561
0.380795
0.244575
0.025346
0.037111
0.278130
0.460219
0.246269
0.498459
0.339320
0.489029
0.379162
0.372387
0.107547
0.390103
0.430631
0.337733
0.201041
0.095233
0.496139
0.185354
0.264931
0.365520
0.452834
0.052705
0.330485
0.026261
0.317148
0.163091
0.159703
0.245918
0.470840
0.460524
0.403287
0.374416
0.207968
0.280602
0.150197
0.106876
0.306726
0.448378
0.197150
0.488098
0.078372
0.443312
0.115696
0.023316
0.097140
0.022462
0.445463
0.411359
0.063768
0.442259
0.091357
0.165151
0.006058
0.169317
0.253212
0.135823
0.269372
0.221564
0.465453
0.205573
0.000305
0.029481
0.075579
0.165166
0.076800
0.458647
0.239036
0.041688
0.187384
0.384030
0.258889
0.392010
0.013245
0.456648
0.348338
0.327754
0.215827
0.453246
0.144185
0.287378
0.183157
0.349590
0.049440
0.320856
0.238197
0.008042
0.233192
0.402738
0.262261
0.119984
0.365627
0.039140
0.436399
0.293756
0.416852
0.184347
0.054292
0.428831
0.097018
0.232521
0.109531
0.266488
0.266381
0.100284
0.110187
0.258217
0.393017
0.165822
0.324412
0.141881
0.386715
0.079867
0.409574
0.366512
0.386853
0.214576
0.128346
0.256523
0.332545
0.265587
0.104999
0.055712
0.393078
0.273110
0.324580
0.241737
0.086886
0.077578
0.328608
0.251778
0.167165
0.475402
0.310114
0.009919
0.102054
0.090625
0.061190
0.397000
0.227851
0.228095
0.476241
0.053331
0.403134
0.223518
0.063921
0.155202
0.241874
0.056383
0.171255
0.055498
0.254051
0.241096
0.372433
0.429304
0.471267
0.262108
0.226020
0.314966
0.386120
0.068606
0.353435
0.191305
0.283074
0.394467
0.041688
0.481658
0.288980
0.418790
0.323923
0.125034
0.221656
0.033235
0.240257
0.105716
0.064165
0.231162
0.232810
0.081057
0.143452
0.384518
0.377316
0.498856
0.341090
0.424131
0.405011
0.344356
0.414274
0.188849
0.217521
0.408063
0.255562
0.459349
0.348140
0.214347
0.168966
0.441984
0.072466
0.002091
0.490875
0.218680
0.121616
0.397549
0.133793
0.428053
0.201086
0.170232
0.381191
0.193716
0.268349
0.212546
0.011155
0.065279
0.272515
0.133549
0.077654
0.487655
0.308817
0.107639
0.426832
0.064211
0.391491
0.368831
0.276910
0.129749
0.297723
0.490951
0.439756
0.398373
0.186239
0.344844
0.012024
0.202353
0.443205
0.372860
0.114322
0.087466
0.458937
0.071215
0.006149
0.280267
0.288385
0.321268
0.155141
0.293161
0.398480
0.459746
0.088397
0.182760
0.455550
0.229072
0.104236
0.227195
0.355937
0.498169
0.172414
0.037980
0.452803
0.394238
0.100894
0.372127
0.182455
0.236564
0.297418
0.159948
0.043168
0.412412
0.203879
0.014527
0.129643
0.086154
0.231681
0.237999
0.176305
0.381970
0.276223
0.090716
0.312449
0.430677
0.138569
0.338679
0.482543
0.421644
0.432493
0.344890
0.234519
0.050081
0.305017
0.220298
0.329585
0.000534
0.048509
0.299905
0.376171
0.357051
0.432600
0.459792
0.441679
0.080767
0.333735
0.040422
0.344707
0.445631
0.490997
0.392239
0.081164
0.072481
0.465835
0.308664
0.087313
0.452712
0.134053
0.362774
0.292734
0.101489
0.288156
0.412564
0.166555
0.231773
0.178243
0.291055
0.209952
0.089267
0.069369
0.446486
0.098071
0.339259
0.143757
0.048235
0.424482
0.145665
0.325785
0.324458
0.251183
0.333354
0.357952
0.146397
0.417661
0.273827
0.206030
0.125828
0.311594
0.385357
0.121357
0.240486
0.054720
0.387875
0.438475
0.253548
0.306909
0.203482
0.436293
0.442793
0.141377
0.142979
0.340831
0.404752
0.194494
0.269234
0.297739
0.449873
0.042955
0.077898
0.392560
0.354030
0.011795
0.386151
0.046999
0.482086
0.366070
0.070055
0.369488
0.049181
0.089373
0.041200
0.287622
0.035432
0.202719
0.103183
0.041231
0.019349
0.326151
0.078616
0.363903
0.446104
0.436995
0.347331
0.430876
0.095706
0.027345
0.186163
0.401975
0.267327
0.114154
0.051424
0.137196
0.444731
0.304941
0.194006
0.413297
0.458983
0.372311
0.248451
0.219520
0.413816
0.040437
0.186056
0.460601
0.389355
0.436537
0.272958
0.144948
0.189596
0.410413
0.423734
0.386532
0.149754
0.175512
0.091098
0.298120
0.268532
0.474212
0.082369
0.104541
0.181402
0.220695
0.443327
0.053484
0.240196
0.324519
0.300027
0.452513
0.214866
0.147938
0.299356
0.410047
0.382916
0.300150
0.038728
0.108661
0.022050
0.221610
0.125782
0.188681
0.071993
0.261467
0.258446
0.070177
0.480651
0.201300
0.466231
0.291818
0.000473
0.428266
0.403287
0.194128
0.451003
0.210852
0.333796
0.025819
0.212256
0.280175
0.200385
0.301035
0.465743
0.170125
0.416227
0.485641
0.447829
0.019501
0.271264
0.340861
0.231559
0.289071
0.093463
0.002121
0.302454
0.096744
0.055544
0.121555
0.443754
0.124332
0.267754
0.151845
0.196951
0.298334
0.047456
0.100055
0.413175
0.198508
0.006149
0.329234
0.160833
0.397092
0.344462
0.235817
0.005631
0.181677
0.495697
0.381466
0.427992
0.365154
0.008744
0.406781
0.393933
0.135563
