-0.000003
-0.001199
0.003370
0.034657
0.107845
0.210673
0.296873
0.386069
0.376304
0.273008
0.124342
0.028809
-0.015265
-0.018688
-0.013900
-0.013926
-0.019681
-0.016801
0.034980
0.159823
0.382351
0.607985
0.733094
0.644363
0.452973
0.265111
0.124914
0.023827
-0.011147
-0.012964
-0.009037
-0.010162
-0.015073
-0.013166
0.027170
0.144954
0.318152
0.536749
0.707421
0.737016
0.662039
0.431960
0.200026
0.041778
-0.019817
-0.021517
-0.015910
-0.015167
-0.022195
-0.019122
0.043256
0.220441
0.510174
0.830668
1.042168
1.051177
0.796434
0.477099
0.208005
0.037796
-0.017701
-0.020105
-0.014760
-0.014449
-0.018123
-0.017366
0.034128
0.157177
0.335640
0.511415
0.658524
0.691780
0.573766
0.354607
0.154372
0.033003
-0.015934
-0.020284
-0.014631
-0.014721
-0.022005
-0.018126
0.039999
0.206451
0.467000
0.719525
0.826528
0.776613
0.619684
0.417908
0.179429
0.038381
-0.018951
-0.020190
-0.013448
-0.014401
-0.019866
-0.016703
0.034822
0.170954
0.366053
0.631777
0.784707
0.852405
0.706846
0.417481
0.182250
0.032541
-0.015996
-0.019096
-0.013637
-0.014019
-0.020391
-0.018947
0.037417
0.178938
0.439001
0.663238
0.826218
0.786278
0.635373
0.402924
0.174577
0.037303
-0.017209
-0.019840
-0.015184
-0.014486
-0.018550
-0.015779
0.035905
0.175484
0.382569
0.626097
0.805583
0.765837
0.633202
0.422275
0.192340
0.037667
-0.017540
-0.019118
-0.013897
-0.013622
-0.019845
-0.017164
0.036603
0.187931
0.436949
0.690268
0.835521
0.900891
0.715604
0.421767
0.185069
0.039615
-0.017974
-0.022041
-0.015295
-0.014833
-0.020911
-0.018136
0.037357
0.193147
0.433546
0.662921
0.888760
0.825246
0.605178
0.396194
0.170726
0.034540
-0.017042
-0.017876
-0.012041
-0.013226
-0.019219
-0.017911
0.036429
0.183916
0.396425
0.628929
0.698480
0.692276
0.612394
0.388886
0.169344
0.030366
-0.015067
-0.016435
-0.011714
-0.011231
-0.015495
-0.013515
0.028050
0.124668
0.291694
0.470517
0.654301
0.677133
0.514896
0.291276
0.136677
0.029324
-0.014163
-0.016537
-0.012511
-0.013393
-0.018580
-0.016768
0.033542
0.172687
0.378327
0.667792
0.806719
0.877169
0.678175
0.444264
0.185380
0.036837
-0.018233
-0.020563
-0.015391
-0.014223
-0.018741
-0.016071
0.034637
0.169372
0.406302
0.617676
0.767584
0.714655
0.614701
0.385321
0.186878
0.039298
-0.018114
-0.022329
-0.015407
-0.015555
-0.021634
-0.018867
0.040153
0.215331
0.468594
0.715238
0.904738
0.927850
0.745021
0.452227
0.191618
0.035185
-0.017048
-0.019215
-0.013844
-0.014393
-0.021619
-0.017670
0.037097
0.183751
0.449856
0.752628
0.948236
0.882999
0.716672
0.480017
0.207884
0.043955
-0.020066
-0.021865
-0.014757
-0.015066
-0.021169
-0.019790
0.039570
0.184920
0.377285
0.559555
0.687250
0.764582
0.604975
0.352278
0.157554
0.030464
-0.014886
-0.017803
-0.012816
-0.011868
-0.016311
-0.013361
0.030967
0.168060
0.420583
0.723696
0.866074
0.878418
0.672881
0.402096
0.185779
0.038343
-0.018615
-0.022374
-0.015870
-0.016829
-0.023315
-0.020422
0.039558
0.186780
0.390818
0.589445
0.794770
0.755662
0.650496
0.409698
0.174350
0.034395
-0.016185
-0.018098
-0.013709
-0.012853
-0.018045
-0.016238
0.036235
0.177859
0.391907
0.659413
0.738499
0.745657
0.615624
0.404313
0.184077
0.037520
-0.017669
-0.020170
-0.014508
-0.014464
-0.020863
-0.018468
0.036765
0.182462
0.419724
0.673250
0.922007
0.920904
0.673619
0.413627
0.167259
0.034249
-0.015827
-0.018234
-0.013588
-0.014004
-0.019004
-0.017105
0.035101
0.169165
0.412176
0.648263
0.733115
0.678755
0.557077
0.363514
0.166740
0.032091
-0.015825
-0.017630
-0.012508
-0.012872
-0.017516
-0.014814
0.034507
0.188810
0.399586
0.639294
0.813452
0.832143
0.666529
0.428871
0.183201
0.037303
-0.018250
-0.019982
-0.013857
-0.012848
-0.017434
-0.014195
0.029770
0.131181
0.304219
0.498565
0.669094
0.722448
0.629527
0.382098
0.175161
0.037111
-0.016989
-0.020774
-0.014312
-0.014353
-0.020620
-0.019902
0.038324
0.189503
0.441425
0.676157
0.761194
0.708348
0.581405
0.344829
0.147442
0.026382
-0.014090
-0.014200
-0.009844
-0.009513
-0.012795
-0.011049
0.024671
0.130521
0.316858
0.538962
0.714032
0.772102
0.604992
0.387029
0.173304
0.034295
-0.015514
-0.019849
-0.014813
-0.015130
-0.021748
-0.017633
0.038196
0.201381
0.430696
0.692188
0.808360
0.818203
0.650549
0.426755
0.195369
0.039880
-0.018400
-0.019637
-0.013367
-0.013674
-0.017889
-0.016515
0.035345
0.156387
0.373163
0.577782
0.786676
0.772910
0.615776
0.380477
0.158324
0.034253
-0.017430
-0.020873
-0.014982
-0.015765
-0.023395
-0.020574
0.039663
0.208120
0.478418
0.715873
0.848820
0.783361
0.666050
0.413701
0.185891
0.038397
-0.017570
-0.019875
-0.014547
-0.013310
-0.017621
-0.015028
0.035103
0.164798
0.371132
0.623456
0.755953
0.819361
0.594003
0.389646
0.182665
0.036481
-0.017087
-0.018948
-0.013185
-0.014217
-0.019562
-0.016872
0.032706
0.182328
0.369815
0.575517
0.726601
0.673399
0.540013
0.320338
0.143801
0.029207
-0.013915
-0.016684
-0.013052
-0.012889
-0.019941
-0.017560
0.039485
0.189194
0.434300
0.724458
0.938818
0.956175
0.832055
0.516924
0.221355
0.042699
-0.020516
-0.022514
-0.015598
-0.014521
-0.020018
-0.016969
0.031753
0.151908
0.366245
0.539734
0.634212
0.607716
0.464751
0.286642
0.127077
0.026256
-0.012932
-0.015474
-0.011153
-0.012540
-0.017033
-0.014913
0.035138
0.185594
0.410544
0.729121
0.905531
0.979183
0.781761
0.488818
0.216247
0.043512
-0.019946
-0.021824
-0.015379
-0.014636
-0.021190
-0.019629
0.040123
0.200076
0.453427
0.677017
0.913497
0.855048
0.672622
0.427545
0.182639
0.036820
-0.019059
-0.022871
-0.017197
-0.016731
-0.021696
-0.018059
0.037605
0.187438
0.423408
0.685927
0.773949
0.833565
0.655453
0.407719
0.186608
0.036193
-0.017160
-0.018041
-0.011764
-0.011654
-0.015868
-0.014063
0.027790
0.133542
0.291295
0.455448
0.562276
0.539210
0.475351
0.281601
0.125150
0.025941
-0.012318
-0.015175
-0.010891
-0.011706
-0.016412
-0.015679
0.033531
0.172863
0.421001
0.683352
0.910775
0.912473
0.705471
0.451188
0.184884
0.038022
-0.017126
-0.018396
-0.013532
-0.013947
-0.019886
-0.016018
0.033637
0.146108
0.316618
0.503878
0.619276
0.625821
0.505537
0.314553
0.156360
0.032015
-0.016251
-0.020840
-0.014466
-0.014082
-0.021259
-0.018743
0.038457
0.197429
0.426629
0.689828
0.836515
0.762853
0.583784
0.370794
0.163986
0.032934
-0.015257
-0.016778
-0.012974
-0.013400
-0.018756
-0.016830
0.036528
0.177208
0.439933
0.690659
0.878782
0.935609
0.795398
0.516031
0.223651
0.042313
-0.019374
-0.021022
-0.014573
-0.013573
-0.018716
-0.015932
0.034586
0.172917
0.388409
0.633744
0.818343
0.777883
0.622799
0.394220
0.176361
0.038209
-0.018643
-0.022840
-0.017135
-0.018387
-0.025884
-0.023754
0.048673
0.243690
0.546709
0.844114
0.985728
1.040400
0.856796
0.499771
0.219107
0.041884
-0.019755
-0.022342
-0.016087
-0.014649
-0.019159
-0.016094
0.033012
0.177004
0.379754
0.643619
0.874532
0.803167
0.634577
0.423382
0.174919
0.033339
-0.016331
-0.018345
-0.013098
-0.013848
-0.019507
-0.017510
0.035600
0.174388
0.397124
0.592437
0.734388
0.760909
0.561831
0.355631
0.156462
0.031335
-0.014399
-0.015657
-0.010865
-0.010494
-0.014771
-0.012157
0.024828
0.121472
0.298667
0.487732
0.575350
0.634534
0.551258
0.335140
0.145748
0.031155
-0.015409
-0.017797
-0.013116
-0.013364
-0.017884
-0.015968
0.036190
0.185224
0.427949
0.724585
0.864831
0.863649
0.703216
0.449120
0.215351
0.044615
-0.022604
-0.026996
-0.019402
-0.019463
-0.028056
-0.023581
0.047803
0.238833
0.519272
0.774930
0.934646
0.914047
0.745277
0.432356
0.174476
0.033378
-0.015539
-0.017512
-0.011214
-0.010556
-0.013802
-0.012586
0.024865
0.127152
0.299124
0.468484
0.673545
0.671555
0.512629
0.318801
0.144080
0.028986
-0.013778
-0.015681
-0.010992
-0.012178
-0.017238
-0.015698
0.035237
0.175436
0.388271
0.633077
0.726246
0.740650
0.588414
0.391416
0.180832
0.035058
-0.017442
-0.019867
-0.014438
-0.013796
-0.020671
-0.018865
0.040506
0.193977
0.447421
0.773198
1.000150
0.951134
0.782782
0.480539
0.210761
0.045071
-0.019956
-0.022295
-0.016546
-0.017406
-0.024224
-0.020705
0.042682
0.208033
0.480261
0.751055
0.963980
0.955500
0.773301
0.515180
0.228324
0.046806
-0.022901
-0.026028
-0.018550
-0.018441
-0.026428
-0.021893
0.044197
0.214531
0.482665
0.786608
0.942032
0.925778
0.745363
0.422778
0.185818
0.035684
-0.016914
-0.018289
-0.014035
-0.012713
-0.016943
-0.014547
0.030111
0.159930
0.342421
0.496896
0.620795
0.657549
0.511613
0.329680
0.148205
0.028106
-0.013530
-0.016542
-0.011501
-0.012035
-0.015372
-0.014067
0.030362
0.139305
0.340440
0.577186
0.741458
0.764634
0.632696
0.410785
0.182524
0.039222
-0.019705
-0.022414
-0.015275
-0.014715
-0.022748
-0.020931
0.044184
0.219396
0.499219
0.799639
0.909639
0.887074
0.736148
0.438487
0.180936
0.034028
-0.014465
-0.016832
-0.011619
-0.012498
-0.016679
-0.014319
0.031216
0.173164
0.382348
0.573663
0.790057
0.786226
0.637113
0.434194
0.192504
0.038509
-0.018965
-0.020676
-0.015597
-0.014864
-0.021695
-0.017925
0.035983
0.165502
0.347486
0.547000
0.604347
0.643470
0.498482
0.317521
0.135654
0.028500
-0.013690
-0.017148
-0.012062
-0.012582
-0.017072
-0.015044
0.032293
0.156003
0.393626
0.684419
0.931884
0.861048
0.670738
0.407446
0.196312
0.040823
-0.019131
-0.022123
-0.016404
-0.015892
-0.021732
-0.018622
0.038831
0.208636
0.461810
0.668014
0.818295
0.867447
0.731396
0.470105
0.208578
0.039918
-0.019357
-0.021080
-0.013800
-0.014585
-0.019044
-0.018190
0.039133
0.182084
0.385033
0.617686
0.762091
0.710256
0.525616
0.320165
0.141330
0.028987
-0.015087
-0.017612
-0.013024
-0.012720
-0.019895
-0.015948
0.030486
0.149989
0.339258
0.610770
0.723548
0.757509
0.646570
0.372157
0.164604
0.032210
-0.015203
-0.016452
-0.011727
-0.011261
-0.014172
-0.014031
0.032824
0.179782
0.442521
0.682116
0.821640
0.801700
0.594204
0.387510
0.162953
0.032507
-0.015515
-0.018617
-0.013802
-0.015024
-0.021707
-0.018752
0.039824
0.199950
0.454183
0.743943
0.935725
0.955722
0.776545
0.476899
0.222078
0.047109
-0.022118
-0.023836
-0.017227
-0.017056
-0.024353
-0.021499
0.041134
0.199123
0.426498
0.665997
0.904790
0.956087
0.748595
0.498865
0.208562
0.038654
-0.017422
-0.020847
-0.014069
-0.014254
-0.019352
-0.015715
0.035710
0.181824
0.403878
0.595657
0.726419
0.660572
0.573143
0.360473
0.168010
0.035208
-0.017471
-0.021354
-0.016517
-0.016044
-0.021758
-0.020252
0.040706
0.190597
0.422910
0.717867
0.855601
0.844803
0.660756
0.418318
0.170233
0.036920
-0.016751
-0.018795
-0.013491
-0.013142
-0.018353
-0.015684
0.033685
0.173287
0.412114
0.614649
0.810818
0.812792
0.648957
0.375866
0.176507
0.033792
-0.017906
-0.019873
-0.014036
-0.013997
-0.021007
-0.018607
0.037080
0.182115
0.392410
0.626029
0.767022
0.786360
0.683117
0.436210
0.194426
0.036805
-0.016879
-0.017873
-0.012605
-0.013553
-0.018170
-0.015832
0.033733
0.174601
0.427012
0.729305
0.858736
0.909544
0.695972
0.450052
0.189420
0.037910
-0.017775
-0.021771
-0.015095
-0.014079
-0.018529
-0.015329
0.033573
0.168405
0.370826
0.619076
0.781787
0.750816
0.567704
0.366750
0.173223
0.036695
-0.017996
-0.019851
-0.014549
-0.014748
-0.021902
-0.018637
0.038058
0.174961
0.421746
0.667880
0.888453
0.895988
0.766399
0.434821
0.181772
0.035946
-0.016738
-0.018512
-0.013719
-0.013382
-0.019240
-0.018736
0.040170
0.199495
0.419037
0.645400
0.793712
0.757998
0.586882
0.400036
0.186719
0.037198
-0.017109
-0.020439
-0.014652
-0.015121
-0.019306
-0.017028
0.033308
0.174635
0.394567
0.598943
0.669376
0.667526
0.552243
0.357400
0.139659
0.027396
-0.013394
-0.014899
-0.010011
-0.009865
-0.014717
-0.012730
0.029068
0.137394
0.322274
0.533319
0.746401
0.777947
0.652763
0.400383
0.193348
0.041142
-0.020776
-0.023833
-0.017789
-0.017402
-0.025608
-0.021974
0.043913
0.229167
0.519105
0.811085
0.916642
0.866195
0.666072
0.420406
0.170823
0.031762
-0.013771
-0.016950
-0.011882
-0.012770
-0.017156
-0.014122
0.032481
0.164853
0.392029
0.631521
0.832380
0.830526
0.637477
0.357434
0.162620
0.035800
-0.017513
-0.018464
-0.012345
-0.011308
-0.016013
-0.013666
0.025403
0.117636
0.242321
0.432210
0.503669
0.590963
0.479680
0.300228
0.128638
0.026311
-0.012223
-0.014913
-0.010756
-0.011377
-0.015706
-0.015308
0.035944
0.188120
0.413531
0.608212
0.796131
0.786214
0.693295
0.436216
0.207803
0.041784
-0.020248
-0.023083
-0.017081
-0.016927
-0.022725
-0.020056
0.042220
0.205262
0.489621
0.791599
0.942050
0.882088
0.685697
0.450081
0.187206
0.034992
-0.016901
-0.019658
-0.014546
-0.014928
-0.022563
-0.018235
0.036104
0.168748
0.397546
0.651961
0.830165
0.863968
0.692332
0.425886
0.187804
0.037476
-0.017496
-0.018845
-0.013441
-0.013560
-0.018524
-0.017088
0.036555
0.182638
0.407249
0.616875
0.806522
0.838535
0.655912
0.396001
0.177784
0.035072
-0.017911
-0.021434
-0.014674
-0.014438
-0.019600
-0.017423
0.036278
0.189940
0.430019
0.751187
0.878078
0.834716
0.706805
0.441355
0.193774
0.039041
-0.017938
-0.019649
-0.013240
-0.012617
-0.018635
-0.015734
0.032840
0.149557
0.319200
0.516858
0.712677
0.704112
0.522580
0.340605
0.141755
0.032716
-0.014914
-0.016555
-0.012110
-0.012207
-0.016586
-0.014820
0.028670
0.146890
0.321246
0.454043
0.535048
0.519198
0.448735
0.271784
0.128859
0.024859
-0.012213
-0.013927
-0.010074
-0.010757
-0.015242
-0.013166
0.031060
0.150521
0.374075
0.660111
0.828148
0.872010
0.698176
0.461471
0.197928
0.040759
-0.019246
-0.021954
-0.015634
-0.014872
-0.019652
-0.017682
0.034379
0.189164
0.407762
0.629527
0.740243
0.683905
0.550708
0.332794
0.150571
0.028881
-0.015372
-0.018004
-0.014023
-0.014182
-0.021146
-0.018231
0.037863
0.174725
0.394691
0.614776
0.772970
0.789599
0.594490
0.359797
0.166494
0.034244
-0.015706
-0.019391
-0.012331
-0.012581
-0.016736
-0.015221
0.032270
0.167714
0.399625
0.665677
0.889705
0.950445
0.804777
0.513773
0.228407
0.042823
-0.020174
-0.022736
-0.016944
-0.017815
-0.023677
-0.019610
0.039896
0.200309
0.429404
0.629456
0.714761
0.650938
0.543931
0.363511
0.144140
0.030451
-0.013508
-0.016095
-0.010979
-0.010237
-0.016394
-0.014692
0.034552
0.165748
0.382782
0.630981
0.827506
0.890659
0.722816
0.428465
0.188097
0.038396
-0.018321
-0.020193
-0.015034
-0.015709
-0.021085
-0.017661
0.034920
0.172239
0.401284
0.672576
0.771363
0.699874
0.518676
0.324411
0.150134
0.031099
-0.016557
-0.018083
-0.012550
-0.011874
-0.016267
-0.015922
0.033427
0.166935
0.368001
0.553897
0.746146
0.823049
0.657246
0.417318
0.198210
0.038436
-0.017431
-0.020637
-0.015772
-0.014937
-0.020104
-0.015923
0.031808
0.157127
0.358677
0.592462
0.712152
0.632666
0.530905
0.319824
0.126326
0.026794
-0.012838
-0.015606
-0.010202
-0.010243
-0.015207
-0.013429
0.027767
0.143883
0.340983
0.502889
0.688769
0.717651
0.600231
0.394772
0.172946
0.032437
-0.015573
-0.016136
-0.011882
-0.013023
-0.018982
-0.016877
0.037211
0.188413
0.425121
0.677747
0.754519
0.792713
0.632852
0.402024
0.180461
0.037036
-0.016870
-0.019530
-0.013583
-0.012851
-0.018133
-0.015531
0.032003
0.146625
0.312508
0.506439
0.648796
0.594326
0.423899
0.250226
0.103929
0.021008
-0.011877
-0.014527
-0.010842
-0.011831
-0.014754
-0.013449
0.028883
0.155760
0.348265
0.616667
0.767423
0.776741
0.676604
0.447872
0.210151
0.043540
-0.018761
-0.020107
-0.014115
-0.014185
-0.021473
-0.018868
0.040559
0.192003
0.468742
0.713054
0.868471
0.920880
0.680777
0.399297
0.170786
0.033650
-0.017147
-0.020006
-0.014057
-0.014095
-0.017795
-0.014486
0.031258
0.158964
0.351876
0.537741
0.669568
0.629463
0.554278
0.359282
0.168307
0.034689
-0.016048
-0.018501
-0.014505
-0.013072
-0.020442
-0.019022
0.036749
0.175216
0.369405
0.590850
0.743880
0.721619
0.602571
0.380560
0.166068
0.030964
-0.015653
-0.018581
-0.013384
-0.014737
-0.020288
-0.017162
0.035428
0.176166
0.434197
0.689579
0.927257
0.943174
0.758394
0.464183
0.195855
0.041098
-0.020066
-0.021943
-0.014855
-0.014414
-0.018744
-0.016879
0.037226
0.201588
0.451265
0.768667
0.915514
0.962142
0.741820
0.459276
0.203047
0.038007
-0.018199
-0.021724
-0.015432
-0.014751
-0.020480
-0.017587
0.034707
0.174442
0.367923
0.560258
0.662729
0.667456
0.540626
0.363769
0.157222
0.033367
-0.015616
-0.017044
-0.012661
-0.013567
-0.018871
-0.016511
0.038637
0.188427
0.424370
0.714586
0.878971
0.865824
0.650410
0.374482
0.162743
0.033158
-0.015424
-0.017866
-0.012059
-0.010797
-0.015404
-0.012933
0.024631
0.109818
0.251539
0.398396
0.541401
0.494163
0.473553
0.335851
0.149097
0.028774
-0.014033
-0.015884
-0.011497
-0.011962
-0.017252
-0.016683
0.035408
0.174705
0.424791
0.657197
0.776981
0.800959
0.640743
0.391453
0.180555
0.037031
-0.018133
-0.020908
-0.015083
-0.016020
-0.022715
-0.018418
0.038526
0.192682
0.409045
0.652724
0.880207
0.866232
0.689442
0.432700
0.190747
0.037930
-0.017100
-0.019629
-0.014069
-0.013631
-0.018803
-0.017220
0.037525
0.188326
0.413174
0.624956
0.702487
0.687812
0.504863
0.299335
0.137501
0.028005
-0.012717
-0.014429
-0.011154
-0.011457
-0.015188
-0.014229
0.027472
0.135746
0.337500
0.531159
0.751654
0.783060
0.640135
0.380824
0.157667
0.033658
-0.017048
-0.018530
-0.011800
-0.011329
-0.017527
-0.014764
0.030523
0.157668
0.375234
0.606302
0.698668
0.695569
0.555174
0.363413
0.168980
0.031140
-0.014228
-0.017181
-0.013825
-0.013726
-0.017755
-0.015585
0.033685
0.171521
0.360915
0.642541
0.771351
0.787141
0.617996
0.382845
0.157601
0.031014
-0.015658
-0.018602
-0.012603
-0.012560
-0.018342
-0.015509
0.033277
0.154873
0.371852
0.549631
0.758901
0.744496
0.663773
0.422948
0.200249
0.042597
-0.019671
-0.022445
-0.016689
-0.016012
-0.022596
-0.019656
0.039366
0.211787
0.477520
0.755152
0.907800
0.873423
0.635229
0.415857
0.176637
0.033940
-0.015776
-0.017373
-0.011370
-0.011812
-0.015250
-0.013974
0.031322
0.152552
0.338617
0.523422
0.627680
0.705085
0.582680
0.342269
0.145510
0.029642
-0.014378
-0.017440
-0.012471
-0.012370
-0.018258
-0.016187
0.033383
0.157268
0.359788
0.597245
0.781046
0.688396
0.583943
0.381777
0.167686
0.035264
-0.017061
-0.018434
-0.014280
-0.014855
-0.020446
-0.016354
0.034643
0.178617
0.386540
0.636199
0.796192
0.796298
0.584270
0.361594
0.173339
0.032893
-0.016584
-0.019704
-0.013856
-0.013343
-0.018753
-0.017208
0.033502
0.163057
0.356782
0.577535
0.658269
0.724800
0.636451
0.408060
0.183195
0.038928
-0.018112
-0.019312
-0.012756
-0.012705
-0.018228
-0.017167
0.037667
0.183553
0.451202
0.716269
0.909362
0.888623
0.740772
0.445486
0.197935
0.037399
-0.017988
-0.021307
-0.015306
-0.016456
-0.022329
-0.018830
0.037481
0.196239
0.441692
0.664445
0.856415
0.828239
0.604811
0.396616
0.176074
0.037760
-0.018589
-0.021173
-0.016445
-0.016339
-0.023218
-0.020485
0.045932
0.217389
0.493254
0.792090
0.960580
1.001885
0.844229
0.533445
0.233033
0.043767
-0.019841
-0.022807
-0.015619
-0.014894
-0.021169
-0.018227
0.036412
0.190706
0.412263
0.706287
0.846179
0.794527
0.661311
0.374656
0.154528
0.031255
-0.014968
-0.016691
-0.011564
-0.011567
-0.014863
-0.012334
0.027190
0.142142
0.348058
0.531897
0.694363
0.707944
0.566639
0.389579
0.170723
0.037046
-0.018090
-0.021125
-0.016200
-0.016598
-0.023223
-0.020000
0.041394
0.202026
0.442164
0.671501
0.844979
0.867517
0.698081
0.444575
0.204188
0.038917
-0.017523
-0.019161
-0.012968
-0.012837
-0.017487
-0.015893
0.031438
0.162671
0.377199
0.604552
0.701417
0.723499
0.580606
0.354325
0.157452
0.031180
-0.016109
-0.019246
-0.014113
-0.014754
-0.020672
-0.019198
0.043515
0.208331
0.479508
0.808681
1.020418
1.042156
0.807371
0.483231
0.200544
0.042459
-0.020606
-0.023685
-0.017287
-0.016372
-0.025092
-0.021435
0.044209
0.207350
0.466154
0.758328
1.024911
1.018613
0.798266
0.492484
0.218019
0.042336
-0.020457
-0.023793
-0.015968
-0.015564
-0.021468
-0.018302
0.036091
0.198824
0.447355
0.685980
0.793436
0.765822
0.641136
0.442660
0.207105
0.043600
-0.019633
-0.021724
-0.016813
-0.017528
-0.023189
-0.020293
0.044371
0.215612
0.475343
0.781541
0.961361
0.916241
0.691472
0.392748
0.167093
0.031112
-0.015404
-0.018345
-0.011887
-0.012216
-0.017793
-0.016606
0.032441
0.151644
0.343947
0.552001
0.729870
0.730353
0.611833
0.400188
0.187836
0.037390
-0.017447
-0.018083
-0.013381
-0.012528
-0.017910
-0.015478
0.035238
0.182180
0.390462
0.582548
0.753025
0.784643
0.652655
0.420614
0.184302
0.040350
-0.020246
-0.024079
-0.017159
-0.017856
-0.024875
-0.020835
0.043662
0.210827
0.493287
0.775419
0.947552
0.980475
0.771684
0.458208
0.184128
0.034441
-0.015831
-0.018779
-0.013171
-0.012350
-0.016598
-0.015307
0.031243
0.157085
0.372634
0.670120
0.791516
0.743211
0.633971
0.415354
0.194908
0.039536
-0.019252
-0.022150
-0.016698
-0.016991
-0.022766
-0.019670
0.043063
0.221795
0.492671
0.724265
0.917207
0.913792
0.732622
0.443461
0.204189
0.043140
-0.019753
-0.021338
-0.014546
-0.014953
-0.022957
-0.020668
0.040148
0.201417
0.457696
0.792547
1.020457
1.060683
0.787722
0.491894
0.201591
0.040395
-0.018983
-0.021606
-0.015379
-0.015825
-0.021843
-0.017714
0.037294
0.173748
0.415504
0.607098
0.756658
0.774134
0.626918
0.408213
0.178807
0.034086
-0.016135
-0.019650
-0.015006
-0.013956
-0.017649
-0.016526
0.036373
0.188245
0.405816
0.658057
0.736333
0.661757
0.585727
0.339138
0.151729
0.030195
-0.014320
-0.015729
-0.010266
-0.011015
-0.016714
-0.014262
0.030785
0.155425
0.360274
0.592484
0.733088
0.755574
0.546834
0.379686
0.182553
0.037896
-0.018436
-0.020943
-0.014652
-0.014261
-0.018933
-0.016506
0.032127
0.156540
0.353063
0.575305
0.778773
0.810736
0.660612
0.422847
0.180720
0.033996
-0.016070
-0.018419
-0.013178
-0.013973
-0.020181
-0.018161
0.039077
0.200263
0.450512
0.728889
0.864770
0.902824
0.784734
0.460264
0.190453
0.038506
-0.019948
-0.023957
-0.017925
-0.016432
-0.022023
-0.018311
0.037394
0.178448
0.410434
0.652790
0.842488
0.830548
0.644307
0.431921
0.191701
0.039069
-0.016992
-0.018108
-0.012499
-0.012677
-0.019576
-0.018093
0.039925
0.197923
0.433859
0.704537
0.821533
0.812604
0.632351
0.376455
0.166479
0.035413
-0.017145
-0.018943
-0.014513
-0.014956
-0.020921
-0.018582
0.037709
0.182339
0.413286
0.638781
0.871081
0.890358
0.769153
0.481287
0.209472
0.039354
-0.019402
-0.023843
-0.016576
-0.016803
-0.022846
-0.018660
0.039980
0.203962
0.483968
0.728005
0.920318
0.828299
0.622210
0.380994
0.174134
0.034782
-0.016057
-0.016769
-0.012327
-0.012132
-0.015695
-0.015022
0.029720
0.151885
0.322273
0.561751
0.658852
0.711352
0.587058
0.360103
0.159298
0.035457
-0.018181
-0.021630
-0.015530
-0.016065
-0.024603
-0.021279
0.043671
0.218644
0.498848
0.807747
1.030086
1.044429
0.846577
0.551221
0.243749
0.049445
-0.023774
-0.027089
-0.018413
-0.018068
-0.024602
-0.021256
0.047864
0.236649
0.524040
0.810371
0.945836
0.960450
0.730604
0.433865
0.198685
0.039102
-0.017768
-0.020518
-0.015972
-0.016666
-0.023091
-0.019940
0.039865
0.186924
0.451665
0.752054
0.969971
0.908350
0.717229
0.488336
0.217635
0.041111
-0.018727
-0.021962
-0.014647
-0.014235
-0.018601
-0.015881
0.030995
0.154868
0.327705
0.452480
0.530764
0.562383
0.511535
0.291256
0.120181
0.024221
-0.013044
-0.013789
-0.009760
-0.010058
-0.015347
-0.013936
0.032992
0.175423
0.390787
0.649440
0.808062
0.813257
0.646648
0.420036
0.192481
0.040397
-0.018620
-0.020745
-0.015017
-0.014213
-0.020803
-0.018891
0.035779
0.166706
0.370516
0.597243
0.751025
0.781438
0.642512
0.398028
0.169778
0.033656
-0.016938
-0.020194
-0.013917
-0.014594
-0.019021
-0.016362
0.038592
0.195457
0.439738
0.708466
0.861282
0.803857
0.606986
0.398579
0.165431
0.035683
-0.016745
-0.019752
-0.015285
-0.015094
-0.021570
-0.017373
0.032190
0.167353
0.412642
0.632686
0.803559
0.840990
0.675422
0.392975
0.184261
0.036897
-0.017966
-0.020888
-0.015094
-0.014781
-0.021446
-0.020144
0.043313
0.225169
0.496530
0.857536
1.098148
1.074216
0.850605
0.551423
0.233174
0.044251
-0.020192
-0.021362
-0.013817
-0.013101
-0.017331
-0.014338
0.032436
0.151541
0.339565
0.467206
0.532435
0.512000
0.442351
0.240666
0.122069
0.023436
-0.012072
-0.015216
-0.011223
-0.011616
-0.016018
-0.015025
0.031577
0.165279
0.383980
0.664795
0.840036
0.872603
0.709252
0.479773
0.215904
0.045589
-0.020130
-0.021888
-0.016790
-0.017475
-0.025132
-0.022349
0.046502
0.213535
0.462754
0.689611
0.926586
0.909405
0.695972
0.431898
0.173894
0.033891
-0.017491
-0.020717
-0.014990
-0.013906
-0.019175
-0.015159
0.030041
0.148764
0.350920
0.619005
0.752344
0.791303
0.675441
0.411318
0.188186
0.039195
-0.017279
-0.018859
-0.012155
-0.012290
-0.017144
-0.014696
0.033249
0.171109
0.417093
0.647913
0.734950
0.709025
0.547887
0.329822
0.143340
0.026638
-0.013184
-0.014906
-0.010441
-0.010499
-0.014612
-0.014536
0.027573
0.142702
0.320407
0.528472
0.654231
0.675924
0.561233
0.348207
0.147170
0.031234
-0.015546
-0.018290
-0.013032
-0.013730
-0.020115
-0.016679
0.033781
0.162768
0.363700
0.530671
0.747367
0.727148
0.590676
0.375124
0.176859
0.033403
-0.015266
-0.017747
-0.013732
-0.013672
-0.018767
-0.016694
0.037492
0.191592
0.441037
0.721856
0.812865
0.820072
0.618976
0.417888
0.189540
0.038985
-0.019898
-0.022559
-0.016051
-0.016282
-0.020771
-0.018572
0.038079
0.183242
0.388527
0.646533
0.807901
0.834285
0.656422
0.382020
0.166539
0.034789
-0.015434
-0.016460
-0.012382
-0.012273
-0.017760
-0.015624
0.030885
0.151920
0.335165
0.527155
0.649200
0.571592
0.500641
0.321812
0.135492
0.028601
-0.013011
-0.015854
-0.010033
-0.010096
-0.014327
-0.011708
0.025008
0.127723
0.301865
0.463583
0.611265
0.652031
0.537169
0.340129
0.148233
0.026957
-0.014941
-0.016453
-0.012134
-0.011638
-0.015901
-0.014865
0.034408
0.178776
0.401965
0.673274
0.828612
0.821418
0.618678
0.387897
0.170188
0.035144
-0.014714
-0.017531
-0.012434
-0.012223
-0.016616
-0.013959
0.029005
0.145778
0.340016
0.530624
0.698410
0.747790
0.625367
0.414488
0.190978
0.039414
-0.020346
-0.024350
-0.017862
-0.017970
-0.025992
-0.023265
0.045821
0.217122
0.464267
0.728376
0.871603
0.817827
0.625042
0.367701
0.158059
0.029214
-0.014051
-0.014202
-0.010341
-0.011076
-0.015575
-0.012411
0.028936
0.154714
0.363382
0.555880
0.664482
0.643588
0.552949
0.344129
0.153677
0.032754
-0.015919
-0.018879
-0.012745
-0.012305
-0.018385
-0.016768
0.033987
0.156622
0.369954
0.620847
0.846231
0.854437
0.692041
0.438796
0.195793
0.041427
-0.018113
-0.020373
-0.014267
-0.013293
-0.017336
-0.014322
0.028117
0.149265
0.307570
0.527815
0.652238
0.707743
0.552277
0.344218
0.149608
0.027593
-0.014587
-0.016367
-0.012072
-0.012998
-0.018008
-0.016960
0.036677
0.185551
0.443036
0.639319
0.770777
0.776856
0.631741
0.402866
0.169942
0.033491
-0.015946
-0.020232
-0.014770
-0.014229
-0.019539
-0.017394
0.036533
0.179456
0.383810
0.634968
0.754595
0.760948
0.655540
0.404365
0.192504
0.037874
-0.017603
-0.019796
-0.014643
-0.014969
-0.021897
-0.018889
0.040535
0.193568
0.481273
0.792234
1.011966
0.978260
0.776543
0.487590
0.199310
0.040468
-0.018885
-0.021006
-0.015421
-0.015315
-0.021037
-0.018270
0.035275
0.173660
0.377339
0.625614
0.815618
0.773268
0.614774
0.388908
0.174452
0.035308
-0.016665
-0.018813
-0.013184
-0.014009
-0.018596
-0.016544
0.038878
0.191995
0.407729
0.647742
0.791619
0.806464
0.618299
0.394415
0.170449
0.037403
-0.018099
-0.021436
-0.015456
-0.015378
-0.021897
-0.018897
0.038771
0.204022
0.499397
0.768368
0.928251
0.963649
0.782391
0.487937
0.219782
0.042731
-0.021518
-0.023677
-0.016907
-0.017188
-0.024544
-0.021957
0.045023
0.225327
0.521347
0.854709
1.073802
1.052869
0.809631
0.501381
0.224285
0.046021
-0.020677
-0.023900
-0.016710
-0.015849
-0.023398
-0.020163
0.041449
0.198916
0.434988
0.651402
0.836995
0.804370
0.670264
0.415433
0.176341
0.031856
-0.015369
-0.016755
-0.011596
-0.011619
-0.016157
-0.014256
0.030058
0.150049
0.344245
0.581021
0.682113
0.667077
0.522174
0.309459
0.136770
0.028029
-0.013543
-0.015009
-0.011475
-0.012083
-0.015904
-0.013402
0.026618
0.142009
0.295111
0.463271
0.634789
0.713479
0.630810
0.411607
0.190582
0.038854
-0.018576
-0.022864
-0.015142
-0.014787
-0.019578
-0.016087
0.033975
0.165495
0.375846
0.635662
0.779740
0.739158
0.568660
0.347046
0.159430
0.031828
-0.014402
-0.016549
-0.012004
-0.012453
-0.017673
-0.016485
0.037608
0.182868
0.416304
0.592672
0.663476
0.661040
0.496105
0.340789
0.154587
0.030991
-0.016470
-0.017092
-0.013329
-0.012067
-0.018499
-0.017194
0.032306
0.150267
0.338734
0.586772
0.787618
0.816052
0.681097
0.415819
0.178812
0.036907
-0.016544
-0.019980
-0.014057
-0.014052
-0.019069
-0.016500
0.035502
0.194565
0.458508
0.747852
0.916441
0.865998
0.698625
0.443195
0.192692
0.039995
-0.018794
-0.021831
-0.015369
-0.015738
-0.022084
-0.018993
0.042817
0.215220
0.481737
0.763001
0.972900
0.992245
0.791616
0.492871
0.203126
0.038317
-0.018567
-0.020404
-0.014266
-0.014838
-0.021372
-0.018581
0.036952
0.171828
0.407424
0.597018
0.739948
0.800612
0.670167
0.382669
0.174853
0.037576
-0.019371
-0.021871
-0.015725
-0.014647
-0.018876
-0.015473
0.032146
0.172601
0.377092
0.652465
0.756549
0.715144
0.552199
0.379894
0.163165
0.033333
-0.015888
-0.018987
-0.013601
-0.013638
-0.019796
-0.018307
0.038608
0.186809
0.424191
0.648966
0.824307
0.783416
0.603074
0.349329
0.159058
0.028788
-0.013084
-0.015347
-0.011460
-0.012394
-0.018038
-0.014421
0.031398
0.155383
0.373861
0.583806
0.704386
0.776124
0.695491
0.454912
0.199849
0.043677
-0.019840
-0.022958
-0.015633
-0.015354
-0.020472
-0.018688
0.039341
0.189991
0.394258
0.651935
0.814421
0.784425
0.569551
0.357836
0.170094
0.034244
-0.017106
-0.018583
-0.014391
-0.015183
-0.020244
-0.018316
0.038331
0.197004
0.445225
0.685550
0.834698
0.821694
0.713359
0.419381
0.177615
0.035506
-0.017347
-0.018930
-0.012655
-0.011871
-0.018614
-0.015305
0.031353
0.142932
0.328415
0.554363
0.703717
0.723958
0.521781
0.347716
0.155349
0.027879
-0.013585
-0.017586
-0.012905
-0.012728
-0.017675
-0.015838
0.030700
0.165012
0.388950
0.645932
0.817316
0.846802
0.698054
0.450865
0.193147
0.039433
-0.017622
-0.018982
-0.013446
-0.013297
-0.017928
-0.015414
0.035744
0.173072
0.362711
0.584815
0.734446
0.671591
0.531978
0.333635
0.161735
0.034750
-0.017571
-0.021404
-0.015348
-0.016440
-0.023134
-0.020082
0.041830
0.203435
0.478921
0.753571
0.969178
0.995708
0.861887
0.501395
0.221472
0.043843
-0.020324
-0.021854
-0.015505
-0.014988
-0.020906
-0.018840
0.035826
0.175606
0.407681
0.611649
0.700898
0.647179
0.472258
0.305230
0.114517
0.024346
-0.011210
-0.013617
-0.010106
-0.009092
-0.011822
-0.011236
0.027247
0.135584
0.312437
0.536607
0.661462
0.666047
0.576656
0.397722
0.182327
0.034894
-0.017685
-0.020224
-0.013726
-0.014904
-0.021550
-0.017980
0.034915
0.189502
0.398918
0.623302
0.845359
0.919443
0.735060
0.427529
0.193325
0.039509
-0.018045
-0.020253
-0.015938
-0.015979
-0.023224
-0.021501
0.046950
0.216084
0.514203
0.844021
1.007545
0.997634
0.775143
0.492815
0.205570
0.040979
-0.019977
-0.022531
-0.016022
-0.015343
-0.019925
-0.016904
0.034106
0.176309
0.397303
0.648214
0.862528
0.811313
0.632119
0.389451
0.190705
0.036391
-0.018099
-0.020040
-0.014288
-0.014666
-0.020415
-0.018329
0.038683
0.201887
0.430930
0.643584
0.781265
0.790747
0.669019
0.412942
0.166696
0.034921
-0.015186
-0.019027
-0.013815
-0.014264
-0.019737
-0.016500
0.036714
0.174996
0.438666
0.674828
0.795590
0.790635
0.635938
0.406153
0.197813
0.040049
-0.020054
-0.022027
-0.015238
-0.014829
-0.021046
-0.019058
0.040215
0.192785
0.436735
0.704227
0.896899
0.886563
0.710774
0.460972
0.195570
0.040667
-0.019955
-0.023006
-0.016754
-0.017436
-0.025904
-0.020840
0.039389
0.213469
0.483650
0.811642
1.036144
1.076345
0.858772
0.517372
0.228386
0.046646
-0.020916
-0.024347
-0.017588
-0.016596
-0.022153
-0.020862
0.047085
0.233281
0.529865
0.794252
0.924732
0.881802
0.672449
0.413525
0.189804
0.035486
-0.018021
-0.019865
-0.012791
-0.012406
-0.017874
-0.015951
0.032111
0.153747
0.317504
0.566783
0.731368
0.742506
0.652389
0.437089
0.174508
0.036784
-0.016632
-0.019069
-0.014063
-0.014021
-0.019556
-0.015605
0.034823
0.179853
0.432899
0.641901
0.783474
0.821178
0.606255
0.372987
0.168665
0.034433
-0.017536
-0.020474
-0.015045
-0.015357
-0.019970
-0.018642
0.038201
0.178569
0.402047
0.689176
0.870206
0.904063
0.769468
0.455633
0.204751
0.037746
-0.016943
-0.018882
-0.013877
-0.014176
-0.019993
-0.017443
0.034533
0.165481
0.344553
0.495785
0.640744
0.600090
0.444347
0.316458
0.140363
0.028114
-0.012854
-0.015082
-0.009732
-0.010362
-0.016490
-0.014940
0.029858
0.149950
0.372169
0.606881
0.699373
0.734622
0.641823
0.387216
0.166960
0.034578
-0.017796
-0.020705
-0.014961
-0.014586
-0.019285
-0.016118
0.035081
0.179360
0.388359
0.644527
0.813488
0.761033
0.559151
0.346325
0.146284
0.031584
-0.014248
-0.014557
-0.009971
-0.010134
-0.014779
-0.013162
0.030403
0.162155
0.388983
0.588509
0.809590
0.851350
0.701923
0.421931
0.185465
0.036781
-0.018319
-0.022672
-0.017853
-0.017116
-0.024168
-0.021539
0.040898
0.199634
0.412200
0.696309
0.772424
0.701618
0.562599
0.389564
0.172518
0.035450
-0.016071
-0.016427
-0.010658
-0.010897
-0.013691
-0.012073
0.025371
0.121440
0.287853
0.462394
0.646705
0.726534
0.621751
0.373995
0.174474
0.033848
-0.016581
-0.019277
-0.013540
-0.014084
-0.020763
-0.017081
0.036405
0.193380
0.439373
0.699598
0.834494
0.765232
0.586963
0.348089
0.149853
0.028093
-0.013738
-0.017005
-0.012762
-0.011478
-0.015716
-0.013621
0.029192
0.144183
0.330124
0.497133
0.602302
0.678649
0.513545
0.333257
0.147719
0.030832
-0.013834
-0.015932
-0.011237
-0.012560
-0.018230
-0.016897
0.034921
0.160859
0.367880
0.582785
0.769091
0.747714
0.644444
0.399473
0.174978
0.035683
-0.018584
-0.021095
-0.014648
-0.013307
-0.017283
-0.014448
0.031848
0.158763
0.351163
0.601122
0.719577
0.677783
0.529623
0.364535
0.174242
0.035010
-0.016636
-0.019259
-0.014084
-0.015279
-0.022094
-0.019222
0.038654
0.201867
0.471613
0.714556
0.893165
0.892898
0.707213
0.445632
0.178681
0.037712
-0.017533
-0.020160
-0.013815
-0.013475
-0.018458
-0.016503
0.034431
0.170966
0.361733
0.642705
0.792795
0.843308
0.702173
0.407321
0.179300
0.033653
-0.015626
-0.017689
-0.013937
-0.013689
-0.019687
-0.016983
0.038694
0.183947
0.448094
0.703081
0.876537
0.797495
0.627351
0.413538
0.191292
0.038121
-0.017673
-0.019004
-0.013837
-0.013414
-0.018095
-0.016428
0.031367
0.153404
0.347546
0.530263
0.666016
0.747064
0.623127
0.376072
0.165574
0.034036
-0.017363
-0.020271
-0.013935
-0.013996
-0.018959
-0.016905
0.037246
0.184778
0.420865
0.676895
0.837053
0.804911
0.617197
0.405588
0.187840
0.038630
-0.018666
-0.021218
-0.015682
-0.015422
-0.023537
-0.020416
0.041533
0.222458
0.469713
0.772553
0.929949
0.906646
0.724934
0.410750
0.168917
0.032322
-0.014608
-0.017861
-0.012879
-0.014591
-0.019369
-0.016159
0.034293
0.160376
0.388154
0.564372
0.743202
0.810520
0.688939
0.448990
0.198653
0.038736
-0.019110
-0.021904
-0.014245
-0.013986
-0.019084
-0.016618
0.037126
0.195908
0.463363
0.797653
1.030441
0.993460
0.759642
0.475937
0.214132
0.044679
-0.020289
-0.021934
-0.015643
-0.014736
-0.021591
-0.019348
0.036486
0.166303
0.373267
0.574103
0.712826
0.659943
0.574591
0.345426
0.154519
0.031265
-0.016542
-0.019801
-0.015703
-0.016612
-0.021781
-0.019719
0.041469
0.212255
0.439492
0.714060
0.861313
0.927771
0.759447
0.511129
0.226476
0.045040
-0.020797
-0.023346
-0.015820
-0.014560
-0.020232
-0.017277
0.039362
0.202814
0.474670
0.714515
0.913527
0.845891
0.606551
0.372695
0.152125
0.029051
-0.013806
-0.014862
-0.011479
-0.012581
-0.018353
-0.015748
0.031204
0.155634
0.383814
0.670318
0.764409
0.779202
0.636490
0.380659
0.186512
0.040682
-0.018447
-0.021443
-0.014814
-0.015059
-0.020816
-0.018792
0.040681
0.192752
0.414955
0.633820
0.865806
0.915311
0.756991
0.482835
0.210739
0.042706
-0.021177
-0.025232
-0.018163
-0.018077
-0.025848
-0.021512
0.042991
0.208788
0.457453
0.694885
0.832677
0.766697
0.663131
0.424980
0.174334
0.032212
-0.014490
-0.016785
-0.011424
-0.011156
-0.015528
-0.014698
0.031534
0.158498
0.392834
0.660678
0.836840
0.863157
0.637853
0.402352
0.183735
0.036159
-0.018147
-0.019329
-0.013295
-0.013702
-0.018860
-0.016671
0.035690
0.189492
0.395518
0.616074
0.711043
0.760742
0.591387
0.358060
0.148381
0.031353
-0.015486
-0.018420
-0.013997
-0.012525
-0.017167
-0.013843
0.027464
0.133488
0.331369
0.523342
0.645785
0.634586
0.541508
0.333871
0.156738
0.033359
-0.014991
-0.017726
-0.013463
-0.013904
-0.019289
-0.018033
0.037070
0.169894
0.359139
0.622457
0.791139
0.781186
0.613587
0.370000
0.166632
0.034266
-0.016319
-0.017204
-0.010919
-0.010616
-0.015492
-0.013398
0.028453
0.162221
0.379151
0.550471
0.659375
0.622779
0.560214
0.354725
0.160078
0.029356
-0.014552
-0.017948
-0.013564
-0.014907
-0.021135
-0.017994
0.037109
0.166840
0.384139
0.622406
0.817456
0.798078
0.641847
0.425363
0.187526
0.039337
-0.019301
-0.022188
-0.015743
-0.015105
-0.020877
-0.017967
0.041153
0.211777
0.459239
0.790531
0.995435
1.071557
0.826236
0.517184
0.213020
0.043653
-0.020738
-0.023587
-0.016302
-0.015538
-0.022041
-0.018503
0.036902
0.186122
0.431169
0.644381
0.783382
0.731699
0.548285
0.313304
0.158443
0.029391
-0.012949
-0.014523
-0.011647
-0.012236
-0.015803
-0.014107
0.029981
0.149699
0.369404
0.611544
0.726465
0.781198
0.631296
0.397393
0.168938
0.035734
-0.017286
-0.020042
-0.013100
-0.013756
-0.020858
-0.018324
0.039766
0.200348
0.435817
0.676807
0.831638
0.751208
0.645277
0.399326
0.170537
0.033932
-0.016558
-0.017813
-0.013920
-0.013418
-0.017922
-0.017035
0.032706
0.164259
0.383524
0.622345
0.866298
0.891537
0.748094
0.498694
0.224055
0.042884
-0.020839
-0.023031
-0.015342
-0.015331
-0.022505
-0.019406
0.042350
0.193189
0.408855
0.668095
0.756506
0.776890
0.564780
0.372349
0.171191
0.035785
-0.016521
-0.020490
-0.014421
-0.013574
-0.016991
-0.015432
0.031531
0.167242
0.399608
0.591221
0.786105
0.800190
0.628457
0.347116
0.143268
0.029035
-0.015136
-0.015528
-0.012716
-0.013015
-0.018558
-0.016268
0.034632
0.181492
0.386104
0.606666
0.700704
0.679239
0.619181
0.397410
0.185202
0.037782
-0.017273
-0.021898
-0.014552
-0.015435
-0.020961
-0.018145
0.037551
0.169963
0.390833
0.646692
0.802818
0.850530
0.644806
0.395865
0.167033
0.031469
-0.014697
-0.015678
-0.011398
-0.010842
-0.016361
-0.012980
0.026600
0.148930
0.328218
0.520984
0.657628
0.577656
0.440436
0.313783
0.137831
0.027192
-0.013700
-0.015321
-0.011377
-0.012189
-0.017162
-0.015978
0.032966
0.150564
0.355436
0.557046
0.685838
0.738848
0.649245
0.371461
0.170849
0.036348
-0.015997
-0.018583
-0.013226
-0.011979
-0.017193
-0.014677
0.030460
0.156586
0.371257
0.639629
0.869546
0.840404
0.661133
0.436848
0.186591
0.037967
-0.018728
-0.021934
-0.014979
-0.015246
-0.020821
-0.017780
0.037764
0.186723
0.416954
0.610914
0.752113
0.808542
0.613941
0.376288
0.173980
0.036500
-0.016574
-0.018130
-0.013962
-0.013516
-0.018694
-0.016939
0.038415
0.188131
0.425750
0.750898
0.931623
0.889981
0.753117
0.455527
0.190384
0.035149
-0.018749
-0.022893
-0.015478
-0.016055
-0.021696
-0.018600
0.038592
0.190220
0.423266
0.656625
0.771020
0.755868
0.631137
0.437554
0.184636
0.040310
-0.019272
-0.021549
-0.015444
-0.015149
-0.022143
-0.018529
0.036000
0.194059
0.427296
0.683132
0.887043
0.895578
0.708581
0.434625
0.196130
0.039350
-0.018201
-0.019968
-0.014279
-0.013879
-0.018034
-0.016671
0.037654
0.172377
0.397678
0.582558
0.661298
0.625571
0.512908
0.306833
0.133610
0.022827
-0.011014
-0.013027
-0.009962
-0.010498
-0.015479
-0.012905
0.024309
0.135918
0.336537
0.544823
0.729175
0.777443
0.559721
0.363761
0.173327
0.037843
-0.018334
-0.020997
-0.015388
-0.015789
-0.021423
-0.019780
0.043825
0.199807
0.438653
0.717349
0.889207
0.910356
0.751749
0.462386
0.206059
0.041337
-0.017995
-0.019198
-0.013240
-0.013143
-0.019386
-0.015814
0.033333
0.185391
0.389773
0.644618
0.799865
0.804316
0.618934
0.357856
0.146772
0.029011
-0.015095
-0.018047
-0.013266
-0.014103
-0.020407
-0.019793
0.041526
0.195352
0.469253
0.709206
0.875690
0.858499
0.759466
0.505428
0.222181
0.044214
-0.020771
-0.024248
-0.017568
-0.016704
-0.021803
-0.018592
0.037491
0.193435
0.447424
0.770821
0.992955
0.996039
0.758335
0.456655
0.196564
0.040136
-0.018227
-0.021382
-0.015392
-0.015892
-0.024150
-0.020249
0.044079
0.203514
0.437608
0.646641
0.788374
0.763625
0.628318
0.413060
0.190184
0.035400
-0.017938
-0.020852
-0.014370
-0.013934
-0.019156
-0.017878
0.035655
0.176893
0.394949
0.671686
0.853802
0.824860
0.649873
0.374124
0.170542
0.038485
-0.019429
-0.020643
-0.014490
-0.015211
-0.021194
-0.017261
0.035905
0.191368
0.467239
0.738207
0.844633
0.869552
0.730717
0.488128
0.217810
0.043286
-0.019772
-0.022304
-0.016766
-0.015808
-0.021215
-0.019868
0.042257
0.207918
0.443602
0.695904
0.873605
0.907974
0.726041
0.450725
0.193045
0.038002
-0.017831
-0.021243
-0.014567
-0.013924
-0.020704
-0.016491
0.034771
0.181298
0.406041
0.672158
0.813877
0.773028
0.598572
0.356922
0.158439
0.031806
-0.016381
-0.018855
-0.012707
-0.013344
-0.017131
-0.014836
0.029492
0.148519
0.328490
0.511669
0.697282
0.717632
0.578737
0.400419
0.178270
0.037071
-0.015745
-0.017674
-0.013556
-0.013027
-0.018500
-0.016174
0.033990
0.162498
0.377539
0.577000
0.714357
0.717854
0.604289
0.372405
0.164050
0.029351
-0.015915
-0.018946
-0.013576
-0.014047
-0.019098
-0.017465
0.038467
0.181445
0.411220
0.707833
0.915590
0.871038
0.640457
0.363197
0.162078
0.036300
-0.016548
-0.017775
-0.011993
-0.012650
-0.018894
-0.017727
0.037989
0.201586
0.480204
0.701330
0.813248
0.898096
0.760065
0.511670
0.220730
0.044309
-0.021218
-0.024956
-0.017740
-0.017612
-0.023544
-0.020154
0.041378
0.190821
0.426892
0.712431
0.874766
0.840431
0.663207
0.403852
0.169266
0.034075
-0.016183
-0.018465
-0.013015
-0.012053
-0.017707
-0.015138
0.031194
0.155051
0.336402
0.533270
0.730621
0.761158
0.637824
0.375941
0.170798
0.033944
-0.017091
-0.018646
-0.014019
-0.014188
-0.018408
-0.016358
0.034874
0.182443
0.436407
0.714038
0.866891
0.844776
0.679201
0.461891
0.213570
0.039895
-0.018027
-0.020303
-0.015424
-0.016573
-0.024101
-0.020440
0.040259
0.200102
0.445544
0.721673
0.833188
0.799755
0.650019
0.393368
0.177296
0.037763
-0.016992
-0.019373
-0.012929
-0.012147
-0.017096
-0.015456
0.035608
0.173156
0.375349
0.621033
0.835573
0.854127
0.680625
0.401648
0.164957
0.034362
-0.018024
-0.022635
-0.017151
-0.016792
-0.024196
-0.021252
0.040716
0.215343
0.480098
0.754634
0.940106
0.959040
0.768801
0.515977
0.237369
0.044146
-0.020581
-0.023450
-0.015438
-0.015525
-0.022100
-0.019398
0.044676
0.212989
0.505076
0.782076
0.973310
0.987876
0.779743
0.463335
0.191997
0.040312
-0.019548
-0.021170
-0.015261
-0.016309
-0.022302
-0.018993
0.036995
0.178916
0.388193
0.640611
0.820786
0.736202
0.606131
0.370054
0.160157
0.030364
-0.013721
-0.016278
-0.011235
-0.010130
-0.012870
-0.012087
0.025382
0.141837
0.360237
0.545180
0.626371
0.718283
0.568459
0.360920
0.164652
0.033901
-0.016423
-0.017678
-0.012892
-0.012651
-0.019093
-0.016141
0.035745
0.168493
0.343468
0.588160
0.692591
0.673721
0.534418
0.358682
0.163997
0.033700
-0.017298
-0.020852
-0.015174
-0.015618
-0.021004
-0.018825
0.036614
0.186678
0.452774
0.659271
0.883270
0.861644
0.719415
0.434861
0.185139
0.037966
-0.016269
-0.017571
-0.012317
-0.012889
-0.018879
-0.016237
0.036949
0.184337
0.394288
0.685790
0.822706
0.866107
0.645922
0.408841
0.190741
0.035868
-0.017175
-0.020145
-0.015208
-0.014326
-0.018675
-0.017146
0.032788
0.165294
0.367461
0.552421
0.692060
0.691124
0.584376
0.349016
0.145542
0.033109
-0.017154
-0.020194
-0.014938
-0.016284
-0.022334
-0.017515
0.038368
0.193527
0.463710
0.741806
0.930736
0.860301
0.672649
0.422452
0.193301
0.038587
-0.017258
-0.020175
-0.014041
-0.013761
-0.020502
-0.019613
0.041670
0.194065
0.415767
0.653339
0.842570
0.823888
0.675859
0.443830
0.192311
0.037721
-0.018207
-0.018830
-0.012612
-0.012550
-0.016788
-0.015025
0.031092
0.152083
0.349499
0.604545
0.686509
0.750801
0.626794
0.376606
0.157764
0.032462
-0.016144
-0.018467
-0.013512
-0.013617
-0.020487
-0.016500
0.035459
0.179245
0.433047
0.630248
0.780630
0.732204
0.585780
0.383160
0.173291
0.032404
-0.015373
-0.017676
-0.013687
-0.013099
-0.017469
-0.015492
0.030664
0.159804
0.325547
0.562643
0.705653
0.781456
0.640643
0.373698
0.169757
0.036996
-0.017740
-0.021039
-0.014589
-0.014457
-0.021123
-0.018248
0.037476
0.192982
0.480189
0.751763
0.997419
0.933698
0.746623
0.507461
0.234938
0.044440
-0.020518
-0.024569
-0.016962
-0.016323
-0.021411
-0.018211
0.041513
0.194825
0.440203
0.704581
0.857087
0.847626
0.646316
0.390812
0.171126
0.033901
-0.016399
-0.018140
-0.013902
-0.014239
-0.021262
-0.019373
0.037701
0.185762
0.392540
0.606043
0.739638
0.801077
0.670240
0.430465
0.180853
0.036648
-0.016851
-0.019448
-0.013425
-0.014541
-0.019585
-0.017169
0.034724
0.179994
0.416068
0.678588
0.860456
0.794958
0.616013
0.380000
0.159029
0.033790
-0.016026
-0.018215
-0.012423
-0.011793
-0.016121
-0.013334
0.028339
0.141261
0.331229
0.541762
0.697580
0.752402
0.629002
0.392387
0.179610
0.036310
-0.018361
-0.019853
-0.014028
-0.014824
-0.021151
-0.020154
0.045844
0.226160
0.501955
0.813291
0.982890
0.917027
0.722005
0.468692
0.208024
0.040602
-0.019466
-0.023639
-0.017194
-0.017225
-0.023957
-0.020124
0.039377
0.186919
0.432317
0.707454
0.914415
0.956849
0.775204
0.458036
0.211771
0.041811
-0.018869
-0.020279
-0.014966
-0.014698
-0.019507
-0.016907
0.037069
0.189813
0.420464
0.676863
0.844466
0.860356
0.696319
0.458579
0.204665
0.042721
-0.022133
-0.025877
-0.018772
-0.018949
-0.027858
-0.024709
0.049684
0.240052
0.556219
0.891420
1.084865
1.036025
0.820842
0.516794
0.224714
0.044868
-0.021752
-0.023711
-0.016775
-0.016027
-0.021389
-0.019462
0.043947
0.226042
0.520654
0.758057
0.911461
0.918556
0.711258
0.426995
0.179283
0.035198
-0.016257
-0.020029
-0.013787
-0.013189
-0.019400
-0.015239
0.031456
0.162671
0.337814
0.601767
0.754301
0.760860
0.678036
0.432987
0.198999
0.039419
-0.018707
-0.019791
-0.013915
-0.014601
-0.020193
-0.019682
0.037563
0.191334
0.424880
0.625022
0.803924
0.837669
0.658929
0.426204
0.173262
0.037534
-0.018480
-0.021815
-0.017093
-0.017865
-0.025331
-0.021259
0.048026
0.225999
0.539644
0.907649
1.110805
1.047212
0.779272
0.446837
0.214723
0.039411
-0.017357
-0.021207
-0.013866
-0.012284
-0.015379
-0.012618
0.026791
0.130184
0.281729
0.446304
0.589903
0.612638
0.551527
0.383181
0.150569
0.031443
-0.014665
-0.016634
-0.013171
-0.013578
-0.020249
-0.018183
0.036026
0.181452
0.395645
0.596696
0.704191
0.770011
0.636412
0.372553
0.163967
0.034336
-0.017891
-0.020029
-0.012823
-0.013544
-0.019748
-0.017732
0.036065
0.186630
0.465333
0.750703
0.885035
0.885545
0.681446
0.450446
0.218958
0.045318
-0.021454
-0.025057
-0.018612
-0.018248
-0.023625
-0.020697
0.045453
0.211772
0.467882
0.738048
0.921636
0.845089
0.681920
0.400224
0.171065
0.033694
-0.015194
-0.016816
-0.011323
-0.011568
-0.018205
-0.015214
0.029803
0.161856
0.372509
0.586017
0.761796
0.755306
0.580550
0.354490
0.143315
0.029754
-0.014094
-0.015501
-0.012690
-0.012477
-0.017332
-0.014827
0.030721
0.156850
0.341111
0.599649
0.711170
0.744712
0.587766
0.394181
0.172337
0.031423
-0.015824
-0.018190
-0.012503
-0.012558
-0.016276
-0.016033
0.036883
0.177778
0.377380
0.561094
0.736257
0.764442
0.621285
0.398185
0.186229
0.039817
-0.017720
-0.020668
-0.013730
-0.014186
-0.020844
-0.017383
0.032936
0.155202
0.376947
0.610252
0.763118
0.787417
0.626337
0.394177
0.181525
0.037023
-0.018911
-0.022285
-0.016900
-0.016645
-0.023122
-0.019486
0.043952
0.234654
0.528305
0.844476
1.075577
1.007439
0.815834
0.508499
0.223186
0.043885
-0.020315
-0.021103
-0.014893
-0.014391
-0.018458
-0.016515
0.033185
0.157307
0.360605
0.598147
0.722378
0.744107
0.629689
0.364762
0.157063
0.031096
-0.016153
-0.018745
-0.013768
-0.014410
-0.020011
-0.017437
0.035433
0.166850
0.397516
0.604052
0.702921
0.732577
0.576006
0.386884
0.162862
0.030339
-0.013049
-0.015546
-0.010204
-0.010182
-0.015093
-0.014171
0.032563
0.168960
0.352983
0.591812
0.781477
0.734200
0.630038
0.395803
0.179051
0.036479
-0.017296
-0.020257
-0.015792
-0.014660
-0.020957
-0.017673
0.033535
0.173696
0.384192
0.568740
0.681903
0.731247
0.554412
0.311137
0.146177
0.029796
-0.015749
-0.018505
-0.011914
-0.013405
-0.019305
-0.017607
0.038833
0.184891
0.440023
0.739775
0.983580
0.926853
0.779677
0.501987
0.205930
0.042665
-0.020406
-0.021316
-0.015697
-0.014922
-0.019355
-0.016305
0.036019
0.178036
0.411399
0.626903
0.732131
0.749500
0.563116
0.333531
0.148164
0.030637
-0.013214
-0.016591
-0.012317
-0.012473
-0.019031
-0.016035
0.030859
0.166647
0.381898
0.670225
0.824283
0.844116
0.710542
0.472459
0.207197
0.041370
-0.020368
-0.022480
-0.015754
-0.015323
-0.019517
-0.016874
0.033977
0.158009
0.327019
0.466776
0.622995
0.583176
0.454214
0.280808
0.132791
0.027914
-0.012535
-0.014607
-0.009776
-0.010552
-0.015552
-0.014588
0.034188
0.175318
0.414913
0.691812
0.844548
0.854273
0.654979
0.422139
0.185530
0.035425
-0.017371
-0.020671
-0.015631
-0.015125
-0.022116
-0.019736
0.038505
0.191294
0.404940
0.617144
0.770996
0.774769
0.680186
0.405712
0.185683
0.036682
-0.017617
-0.018571
-0.013940
-0.013411
-0.018636
-0.015215
0.032131
0.150333
0.349360
0.592826
0.739088
0.778050
0.565147
0.340657
0.154671
0.029885
-0.014791
-0.018874
-0.012392
-0.012721
-0.016908
-0.015695
0.031803
0.167553
0.392815
0.606143
0.746426
0.721907
0.612817
0.384633
0.160217
0.034211
-0.016445
-0.018732
-0.014498
-0.015539
-0.022285
-0.018802
0.041341
0.197020
0.471657
0.761965
0.949293
0.983719
0.753432
0.493281
0.205772
0.040916
-0.019187
-0.021285
-0.014384
-0.014315
-0.019122
-0.017845
0.038305
0.186581
0.414172
0.642336
0.766657
0.767964
0.624529
0.370074
0.164136
0.031110
-0.015047
-0.016256
-0.012417
-0.012291
-0.016863
-0.014562
0.031793
0.166331
0.341507
0.587261
0.771661
0.694664
0.611622
0.418569
0.197735
0.042451
-0.019075
-0.021187
-0.015200
-0.014828
-0.020938
-0.016990
0.031320
0.160156
0.367002
0.574049
0.700618
0.708758
0.567402
0.339121
0.139287
0.026876
-0.014145
-0.018372
-0.013008
-0.012041
-0.018203
-0.016118
0.037924
0.185715
0.445804
0.697570
0.846702
0.876507
0.692274
0.431921
0.199602
0.041768
-0.018890
-0.020351
-0.014506
-0.015257
-0.020605
-0.017731
0.035280
0.165961
0.374856
0.609881
0.765730
0.788152
0.653786
0.394180
0.171301
0.032118
-0.015521
-0.018969
-0.013768
-0.013616
-0.019094
-0.016929
0.034154
0.172479
0.394365
0.641027
0.769571
0.752630
0.547276
0.372603
0.158748
0.035028
-0.017762
-0.019338
-0.012840
-0.012259
-0.017582
-0.015118
0.032388
0.160017
0.335734
0.518111
0.631815
0.602855
0.495601
0.311863
0.135667
0.024107
-0.011406
-0.013149
-0.009591
-0.009767
-0.013539
-0.013635
0.028244
0.143471
0.323252
0.486108
0.682985
0.691306
0.569073
0.355533
0.166331
0.033954
-0.015881
-0.017491
-0.013339
-0.013775
-0.019820
-0.015877
0.033738
0.175756
0.423274
0.747461
0.914481
0.894478
0.705434
0.445151
0.206491
0.040125
-0.018442
-0.021482
-0.015334
-0.014943
-0.021009
-0.018801
0.039073
0.192965
0.443717
0.661553
0.779469
0.811948
0.629779
0.370340
0.147614
0.030262
-0.014501
-0.017798
-0.011333
-0.011253
-0.014649
-0.012933
0.025977
0.124966
0.284900
0.425807
0.586670
0.562851
0.494964
0.320079
0.148667
0.030767
-0.016123
-0.017237
-0.013741
-0.014953
-0.020952
-0.018452
0.038836
0.205086
0.440743
0.755508
0.903055
0.885466
0.721555
0.431696
0.193747
0.040119
-0.018057
-0.019604
-0.013431
-0.012635
-0.017297
-0.015135
0.033539
0.151680
0.344851
0.562247
0.662228
0.747823
0.556833
0.389867
0.158419
0.033318
-0.016845
-0.020987
-0.014459
-0.013833
-0.020712
-0.018784
0.037520
0.185626
0.425346
0.636333
0.848027
0.832161
0.716523
0.428998
0.207876
0.037460
-0.017187
-0.018615
-0.013228
-0.014576
-0.019946
-0.017533
0.038623
0.189795
0.451002
0.764946
0.910520
0.846975
0.663060
0.431120
0.177593
0.038382
-0.019206
-0.022981
-0.017590
-0.016482
-0.021567
-0.018560
0.038441
0.195671
0.433345
0.692721
0.856664
0.920746
0.766964
0.477165
0.214797
0.042898
-0.020573
-0.023883
-0.017333
-0.018075
-0.025696
-0.022606
0.047881
0.250637
0.576548
0.922295
1.150745
1.104178
0.865896
0.546250
0.247585
0.047679
-0.020746
-0.021959
-0.015427
-0.014787
-0.021159
-0.017607
0.038249
0.174657
0.375281
0.552868
0.723247
0.772837
0.584874
0.365343
0.161891
0.034811
-0.016730
-0.018985
-0.012397
-0.012844
-0.017025
-0.014788
0.030174
0.157502
0.368879
0.642441
0.754024
0.717888
0.617139
0.361505
0.155400
0.029585
-0.015815
-0.017873
-0.013276
-0.013648
-0.020767
-0.018935
0.040258
0.205783
0.437323
0.685511
0.889164
0.856269
0.642759
0.408930
0.184553
0.038260
-0.018587
-0.022673
-0.017180
-0.017239
-0.023715
-0.019911
0.041059
0.209271
0.502851
0.774415
0.933355
1.027093
0.849613
0.530590
0.229984
0.048060
-0.021057
-0.024018
-0.015579
-0.015364
-0.020456
-0.018124
0.036673
0.184246
0.429772
0.718846
0.949570
0.892193
0.732657
0.447190
0.185923
0.036069
-0.018903
-0.020953
-0.016596
-0.015767
-0.023394
-0.020287
0.040505
0.185003
0.375272
0.606167
0.761207
0.732495
0.614877
0.379055
0.169872
0.031468
-0.013842
-0.016088
-0.010289
-0.010952
-0.014230
-0.013939
0.030810
0.149013
0.338338
0.481202
0.549422
0.552016
0.446497
0.294338
0.124443
0.026623
-0.013625
-0.015596
-0.012049
-0.011160
-0.016736
-0.014150
0.030719
0.162374
0.410383
0.666480
0.853192
0.874368
0.685614
0.410235
0.193404
0.039323
-0.017181
-0.019507
-0.013996
-0.014860
-0.019134
-0.016819
0.032655
0.172235
0.374264
0.641459
0.777227
0.751569
0.617019
0.391063
0.168686
0.032759
-0.016740
-0.019289
-0.012752
-0.012225
-0.017755
-0.015655
0.033910
0.163765
0.355836
0.563544
0.680041
0.750779
0.593720
0.400758
0.176078
0.035556
-0.016937
-0.019673
-0.014651
-0.014633
-0.019468
-0.017038
0.036634
0.182278
0.423015
0.627671
0.780138
0.764017
0.595973
0.351097
0.166493
0.035079
-0.015704
-0.016825
-0.011432
-0.011280
-0.017420
-0.014544
0.030057
0.156257
0.335163
0.585981
0.757804
0.705103
0.551507
0.352767
0.137156
0.026332
-0.012767
-0.015326
-0.011489
-0.012569
-0.017722
-0.016544
0.034947
0.162811
0.395122
0.628396
0.750652
0.808296
0.655726
0.414656
0.197962
0.038635
-0.020258
-0.023317
-0.017302
-0.017133
-0.022468
-0.018604
0.036924
0.184346
0.396717
0.582123
0.756315
0.732298
0.571186
0.343604
0.151208
0.033375
-0.016010
-0.018546
-0.013289
-0.013571
-0.020030
-0.018347
0.039805
0.197046
0.476772
0.792180
1.030617
1.053580
0.868517
0.546305
0.243651
0.046260
-0.019981
-0.023557
-0.016143
-0.015160
-0.021444
-0.017576
0.038934
0.192991
0.413441
0.680493
0.793396
0.777510
0.624903
0.375411
0.149021
0.031730
-0.015710
-0.015946
-0.012344
-0.012993
-0.016752
-0.015905
0.030073
0.158053
0.378022
0.587112
0.717417
0.723265
0.626146
0.434968
0.206706
0.040778
-0.020369
-0.022956
-0.015436
-0.015902
-0.023511
-0.019249
0.040517
0.204578
0.433702
0.649394
0.837578
0.835719
0.644830
0.375177
0.160928
0.034231
-0.016834
-0.019605
-0.013961
-0.014003
-0.018873
-0.016474
0.035742
0.173276
0.435404
0.722081
0.849764
0.882501
0.721297
0.446141
0.200395
0.038356
-0.017368
-0.020859
-0.014847
-0.013415
-0.019637
-0.017609
0.034986
0.164060
0.330431
0.537279
0.708004
0.652952
0.523071
0.345050
0.139837
0.029261
-0.014797
-0.016137
-0.012167
-0.013692
-0.019180
-0.017756
0.040122
0.204266
0.459212
0.745231
0.923271
0.953790
0.705869
0.419095
0.194219
0.039602
-0.018598
-0.022677
-0.016647
-0.016505
-0.021413
-0.018320
0.035659
0.182295
0.452693
0.752853
0.970509
0.921047
0.752127
0.512710
0.226669
0.042989
-0.020934
-0.022472
-0.015743
-0.015226
-0.021379
-0.018517
0.042086
0.201517
0.435162
0.645004
0.782003
0.807646
0.652110
0.368524
0.168743
0.034010
-0.015759
-0.018054
-0.011827
-0.012284
-0.017381
-0.015371
0.031407
0.160008
0.372729
0.624123
0.747380
0.788736
0.663766
0.429258
0.175266
0.037124
-0.017923
-0.020371
-0.015244
-0.013960
-0.020685
-0.018581
0.038282
0.192935
0.424136
0.690006
0.917131
0.862121
0.672278
0.434401
0.204059
0.039972
-0.018594
-0.022102
-0.016542
-0.016501
-0.021557
-0.018671
0.039994
0.185933
0.439598
0.639834
0.803544
0.848282
0.670423
0.422601
0.170783
0.033390
-0.014976
-0.017063
-0.010771
-0.011326
-0.015950
-0.012468
0.023134
0.129009
0.261483
0.468398
0.575353
0.589474
0.518385
0.330696
0.148009
0.029196
-0.014557
-0.017188
-0.013104
-0.012797
-0.017632
-0.015839
0.036951
0.182912
0.426008
0.688362
0.858636
0.845757
0.664238
0.394671
0.188258
0.037953
-0.018123
-0.020992
-0.015445
-0.016564
-0.024223
-0.021232
0.042195
0.214608
0.509286
0.809186
0.944763
0.905579
0.702979
0.447988
0.191290
0.042303
-0.019760
-0.020852
-0.014198
-0.013449
-0.019622
-0.016784
0.035599
0.173323
0.380317
0.618035
0.781575
0.776085
0.657387
0.422786
0.191654
0.036972
-0.017470
-0.019981
-0.013744
-0.013748
-0.017672
-0.016040
0.032095
0.156900
0.351337
0.499972
0.674702
0.685327
0.577784
0.349880
0.137499
0.028774
-0.015288
-0.017883
-0.014285
-0.014248
-0.020921
-0.017618
0.038142
0.190604
0.426053
0.717485
0.889322
0.883115
0.702102
0.458989
0.222362
0.041057
-0.019045
-0.022473
-0.015319
-0.015590
-0.020622
-0.017947
0.038387
0.182878
0.399848
0.609934
0.754158
0.745040
0.575312
0.326725
0.133100
0.029230
-0.013008
-0.013695
-0.010430
-0.010115
-0.013713
-0.013390
0.026782
0.146539
0.360988
0.594893
0.652596
0.664014
0.570424
0.380138
0.177992
0.036368
-0.017202
-0.021144
-0.015062
-0.014844
